#t sim dt measure_data
# t1=1 t2=80.0 dt=79.0
# sim=0.5617740232312566
# len(old_es)=9164
1.0 2.0 0.036028823058446756 (45, 1249, 126, 1168)
2.0 3.0 0.25492610837438423 (621, 2436, 1249, 1808)
3.0 4.0 0.3284403669724771 (1074, 3270, 1886, 2458)
4.0 5.0 0.3358732093873819 (1102, 3281, 2436, 1947)
5.0 6.0 0.3664278403275333 (1432, 3908, 2862, 2478)
6.0 7.0 0.4089746570564985 (1759, 4301, 3270, 2790)
7.0 8.0 0.418049104180491 (1890, 4521, 3272, 3139)
8.0 9.0 0.4323181049069374 (2044, 4728, 3281, 3491)
9.0 10.0 0.44640434192673 (2303, 5159, 3655, 3807)
10.0 11.0 0.45874587458745875 (2502, 5454, 3908, 4048)
11.0 12.0 0.4554945054945055 (2487, 5460, 4114, 3833)
12.0 13.0 0.4642857142857143 (2652, 5712, 4301, 4063)
13.0 14.0 0.483 (2898, 6000, 4517, 4381)
14.0 15.0 0.4920686835650041 (3009, 6115, 4521, 4603)
15.0 16.0 0.49590624498314334 (3089, 6229, 4523, 4795)
16.0 17.0 0.4996902106567534 (3226, 6456, 4728, 4954)
17.0 18.0 0.503725782414307 (3380, 6710, 4965, 5125)
18.0 19.0 0.504835589941973 (3393, 6721, 5159, 4955)
19.0 20.0 0.5175501950021667 (3583, 6923, 5330, 5176)
20.0 21.0 0.517945109078114 (3680, 7105, 5454, 5331)
21.0 22.0 0.5215031315240084 (3747, 7185, 5456, 5476)
22.0 23.0 0.5218176764869372 (3755, 7196, 5460, 5491)
23.0 24.0 0.5234054202025732 (3824, 7306, 5570, 5560)
24.0 25.0 0.5245658904293983 (3897, 7429, 5712, 5614)
25.0 26.0 0.5222012917115177 (3881, 7432, 5840, 5473)
26.0 27.0 0.5219269537897631 (3987, 7639, 6000, 5626)
27.0 28.0 0.5241149307337096 (4086, 7796, 6114, 5768)
28.0 29.0 0.5262219959266803 (4134, 7856, 6115, 5875)
29.0 30.0 0.5298422712933754 (4199, 7925, 6119, 6005)
30.0 31.0 0.5287072478083714 (4282, 8099, 6229, 6152)
31.0 32.0 0.5383961117861482 (4431, 8230, 6368, 6293)
32.0 33.0 0.536398932297986 (4421, 8242, 6456, 6207)
33.0 34.0 0.5368808647107732 (4520, 8419, 6607, 6332)
34.0 35.0 0.5311740890688259 (4592, 8645, 6710, 6527)
35.0 36.0 0.5296075281156759 (4615, 8714, 6716, 6613)
36.0 37.0 0.5314709236031927 (4661, 8770, 6721, 6710)
37.0 38.0 0.5356582193316887 (4777, 8918, 6805, 6890)
38.0 39.0 0.5368490732568403 (4866, 9064, 6923, 7007)
39.0 40.0 0.5324804235138414 (4828, 9067, 7004, 6891)
40.0 41.0 0.5324038775732491 (4888, 9181, 7105, 6964)
41.0 42.0 0.5351328191945158 (4996, 9336, 7183, 7149)
42.0 43.0 0.5369384713647009 (5044, 9394, 7185, 7253)
43.0 44.0 0.5380957413082532 (5092, 9463, 7186, 7369)
44.0 45.0 0.5400479116758671 (5185, 9601, 7196, 7590)
45.0 46.0 0.5404207053000619 (5241, 9698, 7244, 7695)
46.0 47.0 0.5409025345147331 (5250, 9706, 7306, 7650)
47.0 48.0 0.5442612942612942 (5349, 9828, 7389, 7788)
48.0 49.0 0.5371376811594203 (5337, 9936, 7429, 7844)
49.0 50.0 0.5375849660135945 (5378, 10004, 7430, 7952)
50.0 51.0 0.538239681750373 (5412, 10055, 7432, 8035)
51.0 52.0 0.5364952862280105 (5520, 10289, 7472, 8337)
52.0 53.0 0.5524522506958441 (5756, 10419, 7639, 8536)
53.0 54.0 0.5532220943613348 (5769, 10428, 7733, 8464)
54.0 55.0 0.5501950708916167 (5782, 10509, 7796, 8495)
55.0 56.0 0.5515973989256432 (5853, 10611, 7855, 8609)
56.0 57.0 0.5501687921980495 (5867, 10664, 7856, 8675)
57.0 58.0 0.5470484006341509 (5866, 10723, 7856, 8733)
58.0 59.0 0.5451016635859519 (5898, 10820, 7925, 8793)
59.0 60.0 0.547235444891981 (5978, 10924, 7995, 8907)
60.0 61.0 0.5503478579274991 (6012, 10924, 8099, 8837)
61.0 62.0 0.5479934924078091 (6063, 11064, 8150, 8977)
62.0 63.0 0.5463742166517458 (6103, 11170, 8230, 9043)
63.0 64.0 0.5461169362004621 (6146, 11254, 8239, 9161)
64.0 65.0 0.5465311533362793 (6184, 11315, 8242, 9257)
65.0 66.0 0.544488017429194 (6248, 11475, 8338, 9385)
66.0 67.0 0.5470359151882302 (6321, 11555, 8419, 9457)
67.0 68.0 0.5517480096919349 (6376, 11556, 8538, 9394)
68.0 69.0 0.5514907470870459 (6437, 11672, 8645, 9464)
69.0 70.0 0.553249404559374 (6504, 11756, 8714, 9546)
70.0 71.0 0.5520718583170918 (6515, 11801, 8714, 9602)
71.0 72.0 0.5521430982112724 (6544, 11852, 8717, 9679)
72.0 73.0 0.5531665690621601 (6612, 11953, 8770, 9795)
73.0 74.0 0.553961012028204 (6678, 12055, 8833, 9900)
74.0 75.0 0.555804311774461 (6703, 12060, 8918, 9845)
75.0 76.0 0.5589253337728696 (6782, 12134, 8990, 9926)
76.0 77.0 0.560084960379054 (6856, 12241, 9064, 10033)
77.0 78.0 0.5603201829616924 (6860, 12243, 9065, 10038)
78.0 79.0 0.5596570028583095 (6853, 12245, 9067, 10031)
79.0 80.0 0.5617740232312566 (6916, 12311, 9164, 10063)
80.0 81.0 0.550531914893617 (6831, 12408, 9181, 10058)
81.0 82.0 0.5581882656350742 (6926, 12408, 9283, 10051)
82.0 83.0 0.5588235294117647 (6992, 12512, 9336, 10168)
83.0 84.0 0.5594615993665875 (7066, 12630, 9394, 10302)
84.0 85.0 0.5574247307601604 (7091, 12721, 9394, 10418)
85.0 86.0 0.5577285579641847 (7101, 12732, 9394, 10439)
86.0 87.0 0.555572827607648 (7148, 12866, 9463, 10551)
87.0 88.0 0.5493572084481175 (7179, 13068, 9528, 10719)
88.0 89.0 0.5509330070357907 (7204, 13076, 9601, 10679)
89.0 90.0 0.5482413195752053 (7279, 13277, 9659, 10897)
90.0 91.0 0.5457469888531458 (7295, 13367, 9698, 10964)
91.0 92.0 0.5452918810109595 (7314, 13413, 9699, 11028)
92.0 93.0 0.543347893684756 (7339, 13507, 9706, 11140)
93.0 94.0 0.5438222091397453 (7390, 13589, 9776, 11203)
94.0 95.0 0.5433940191562477 (7432, 13677, 9828, 11281)
95.0 96.0 0.5446369817942531 (7449, 13677, 9868, 11258)
96.0 97.0 0.5442477876106194 (7503, 13786, 9936, 11353)
97.0 98.0 0.5454611159294593 (7547, 13836, 10001, 11382)
98.0 99.0 0.5446280395410924 (7548, 13859, 10004, 11403)
99.0 100.0 0.5438722669735327 (7562, 13904, 10004, 11462)
100.0 101.0 0.5414526255707762 (7589, 14016, 10055, 11550)
110.0 111.0 0.5354554690145614 (7906, 14765, 10611, 12060)
120.0 121.0 0.5262991728231357 (8335, 15837, 10924, 13248)
130.0 131.0 0.5307796693807056 (8605, 16212, 11475, 13342)
140.0 141.0 0.5320790551368034 (8965, 16849, 11801, 14013)
150.0 151.0 0.5253987172938305 (9257, 17619, 12134, 14742)
160.0 161.0 0.5146189313805262 (9487, 18435, 12408, 15514)
170.0 171.0 0.5055813953488372 (9783, 19350, 12732, 16401)
180.0 181.0 0.5077462009078351 (10291, 20268, 13367, 17192)
190.0 191.0 0.4829024569123579 (10535, 21816, 13677, 18674)
200.0 201.0 0.4651995685005394 (10781, 23175, 14016, 19940)
210.0 211.0 0.45510938340019025 (11005, 24181, 14321, 20865)
220.0 221.0 0.4500277843931095 (11338, 25194, 14765, 21767)
230.0 231.0 0.44911351600276306 (11703, 26058, 15150, 22611)
240.0 241.0 0.46187258687258687 (12441, 26936, 15837, 23540)
250.0 251.0 0.4533381063182388 (12664, 27935, 16139, 24460)
260.0 261.0 0.43887691986934463 (12630, 28778, 16212, 25196)
270.0 271.0 0.4339298352037205 (12876, 29673, 16572, 25977)
280.0 281.0 0.42868328330940886 (13140, 30652, 16849, 26943)
290.0 291.0 0.42392914552274086 (13450, 31727, 17164, 28013)
300.0 301.0 0.42566752266328395 (13758, 32321, 17619, 28460)
310.0 311.0 0.4310510194610315 (13932, 32321, 17987, 28266)
320.0 321.0 0.43476377587327125 (14052, 32321, 18435, 27938)
330.0 331.0 0.44098264286377276 (14253, 32321, 18873, 27701)
340.0 341.0 0.4459639243835277 (14414, 32321, 19350, 27385)
350.0 351.0 0.4483462764147149 (14491, 32321, 19739, 27073)
360.0 361.0 0.45060486989882736 (14564, 32321, 20268, 26617)
370.0 371.0 0.4571950125305529 (14777, 32321, 20896, 26202)
380.0 381.0 0.45951548528820274 (14852, 32321, 21816, 25357)
390.0 391.0 0.4608149500324866 (14894, 32321, 22266, 24949)
400.0 401.0 0.47238637418396706 (15268, 32321, 23175, 24414)
410.0 411.0 0.47882181863184925 (15476, 32321, 24040, 23757)
420.0 421.0 0.4764394666006621 (15399, 32321, 24181, 23539)
430.0 431.0 0.4739333560224003 (15318, 32321, 24713, 22926)
440.0 441.0 0.4654249559110176 (15043, 32321, 25194, 22170)
450.0 451.0 0.4585563565483741 (14821, 32321, 25595, 21547)
460.0 461.0 0.45001701680022277 (14545, 32321, 26058, 20808)
470.0 471.0 0.44661365675566966 (14435, 32321, 26544, 20212)
480.0 481.0 0.43773398100306304 (14148, 32321, 26936, 19533)
490.0 491.0 0.4281736332415457 (13839, 32321, 27474, 18686)
500.0 501.0 0.42158349060982026 (13626, 32321, 27935, 18012)
510.0 511.0 0.4041335354722936 (13062, 32321, 28343, 17040)
520.0 521.0 0.38965378546455864 (12594, 32321, 28778, 16137)
530.0 531.0 0.36644905788806037 (11844, 32321, 29332, 14833)
540.0 541.0 0.35336159153491536 (11421, 32321, 29673, 14069)
550.0 551.0 0.32910491630828254 (10637, 32321, 30183, 12775)
560.0 561.0 0.29324587729340057 (9478, 32321, 30652, 11147)
570.0 571.0 0.23931809040561863 (7735, 32321, 31143, 8913)
580.0 581.0 0.18316264967049287 (5920, 32321, 31727, 6514)
590.0 591.0 0.10900034033600446 (3523, 32321, 32107, 3737)

# t1=80.0 t2=158.0 dt=78.0
# sim=0.5620776683220712
# len(old_es)=10023
1.0 81.0 0.19093780633917873 (1753, 9181, 9164, 1770)
2.0 82.0 0.2809436604545944 (2608, 9283, 9164, 2727)
3.0 83.0 0.31780205655526994 (2967, 9336, 9164, 3139)
4.0 84.0 0.3500106450926123 (3288, 9394, 9164, 3518)
5.0 85.0 0.3502235469448584 (3290, 9394, 9164, 3520)
6.0 86.0 0.35118160527996595 (3299, 9394, 9164, 3529)
7.0 87.0 0.38201416041424496 (3615, 9463, 9164, 3914)
8.0 88.0 0.4016582703610411 (3827, 9528, 9164, 4191)
9.0 89.0 0.41974794292261225 (4030, 9601, 9164, 4467)
10.0 90.0 0.4352417434517031 (4204, 9659, 9164, 4699)
11.0 91.0 0.44689626727160237 (4334, 9698, 9164, 4868)
12.0 92.0 0.44757191463037427 (4341, 9699, 9164, 4876)
13.0 93.0 0.4480733566865856 (4349, 9706, 9164, 4891)
14.0 94.0 0.4622545008183306 (4519, 9776, 9164, 5131)
15.0 95.0 0.4781237281237281 (4699, 9828, 9164, 5363)
16.0 96.0 0.4858127280097284 (4794, 9868, 9164, 5498)
17.0 97.0 0.49013687600644124 (4870, 9936, 9164, 5642)
18.0 98.0 0.49805019498050196 (4981, 10001, 9164, 5818)
19.0 99.0 0.49790083966413434 (4981, 10004, 9164, 5821)
20.0 100.0 0.49820071971211516 (4984, 10004, 9164, 5824)
21.0 101.0 0.5047240179015415 (5075, 10055, 9164, 5966)
22.0 102.0 0.5071666993913214 (5166, 10186, 9164, 6188)
23.0 103.0 0.5117115365924774 (5265, 10289, 9164, 6390)
24.0 104.0 0.5193551501110146 (5380, 10359, 9164, 6575)
25.0 105.0 0.5265380554755734 (5486, 10419, 9164, 6741)
26.0 106.0 0.5266692248656946 (5490, 10424, 9164, 6750)
27.0 107.0 0.5272343690065209 (5498, 10428, 9164, 6762)
28.0 108.0 0.535881063566187 (5623, 10493, 9164, 6952)
29.0 109.0 0.536587686744695 (5639, 10509, 9164, 6984)
30.0 110.0 0.5428111384731957 (5731, 10558, 9164, 7125)
31.0 111.0 0.5446235039110358 (5779, 10611, 9164, 7226)
32.0 112.0 0.546895516788595 (5831, 10662, 9164, 7329)
33.0 113.0 0.5467929482370593 (5831, 10664, 9164, 7331)
34.0 114.0 0.5467929482370593 (5831, 10664, 9164, 7331)
35.0 115.0 0.5487270353445864 (5884, 10723, 9164, 7443)
36.0 116.0 0.5501531038322354 (5929, 10777, 9164, 7542)
37.0 117.0 0.5513863216266174 (5966, 10820, 9164, 7622)
38.0 118.0 0.5536878846330486 (6028, 10887, 9164, 7751)
39.0 119.0 0.5559318930794581 (6073, 10924, 9164, 7833)
40.0 120.0 0.5559318930794581 (6073, 10924, 9164, 7833)
41.0 121.0 0.5559318930794581 (6073, 10924, 9164, 7833)
42.0 122.0 0.5568802329814343 (6119, 10988, 9164, 7943)
43.0 123.0 0.5579356471438901 (6173, 11064, 9164, 8073)
44.0 124.0 0.5587521352153196 (6215, 11123, 9164, 8174)
45.0 125.0 0.5606087735004476 (6262, 11170, 9164, 8268)
46.0 126.0 0.5606006753154434 (6309, 11254, 9164, 8399)
47.0 127.0 0.5606006753154434 (6309, 11254, 9164, 8399)
48.0 128.0 0.5606397156819192 (6310, 11255, 9164, 8401)
49.0 129.0 0.5614670790985418 (6353, 11315, 9164, 8504)
50.0 130.0 0.5615884730275874 (6392, 11382, 9164, 8610)
51.0 131.0 0.5606971677559913 (6434, 11475, 9164, 8745)
52.0 132.0 0.5610116460976882 (6455, 11506, 9164, 8797)
53.0 133.0 0.5615750757247945 (6489, 11555, 9164, 8880)
54.0 134.0 0.5615750757247945 (6489, 11555, 9164, 8880)
55.0 135.0 0.5615264797507789 (6489, 11556, 9164, 8881)
56.0 136.0 0.5608015135878913 (6521, 11628, 9164, 8985)
57.0 137.0 0.5607436600411241 (6545, 11672, 9164, 9053)
58.0 138.0 0.5611130078525094 (6574, 11716, 9164, 9126)
59.0 139.0 0.561245321537938 (6598, 11756, 9164, 9190)
60.0 140.0 0.5607627118644067 (6617, 11800, 9164, 9253)
61.0 141.0 0.560884670790611 (6619, 11801, 9164, 9256)
62.0 142.0 0.5609694093720871 (6620, 11801, 9164, 9257)
63.0 143.0 0.5614242321970976 (6654, 11852, 9164, 9342)
64.0 144.0 0.5617647058823529 (6685, 11900, 9164, 9421)
65.0 145.0 0.5616999916338994 (6714, 11953, 9164, 9503)
66.0 146.0 0.5613596600849787 (6738, 12003, 9164, 9577)
67.0 147.0 0.5614267938614683 (6768, 12055, 9164, 9659)
68.0 148.0 0.5614267938614683 (6768, 12055, 9164, 9659)
69.0 149.0 0.5611940298507463 (6768, 12060, 9164, 9664)
70.0 150.0 0.5607962993556914 (6789, 12106, 9164, 9731)
71.0 151.0 0.5612328992912478 (6810, 12134, 9164, 9780)
72.0 152.0 0.5611097430846261 (6836, 12183, 9164, 9855)
73.0 153.0 0.5608201944285598 (6865, 12241, 9164, 9942)
74.0 154.0 0.5609736175773912 (6868, 12243, 9164, 9947)
75.0 155.0 0.5610552969043535 (6869, 12243, 9164, 9948)
76.0 156.0 0.5610911466840902 (6870, 12244, 9164, 9950)
77.0 157.0 0.5611269906084116 (6871, 12245, 9164, 9952)
78.0 158.0 0.5620776683220712 (6904, 12283, 9164, 10023)
79.0 159.0 0.5617740232312566 (6916, 12311, 9164, 10063)
80.0 160.0 0.5618177407617045 (6948, 12367, 9164, 10151)
81.0 161.0 0.5610896196002579 (6962, 12408, 9164, 10206)
82.0 162.0 0.5611702127659575 (6963, 12408, 9164, 10207)
83.0 163.0 0.5611702127659575 (6963, 12408, 9164, 10207)
84.0 164.0 0.5606644198363023 (6987, 12462, 9164, 10285)
85.0 165.0 0.5597026854219949 (7003, 12512, 9164, 10351)
86.0 166.0 0.5589780324737345 (7023, 12564, 9164, 10423)
87.0 167.0 0.5593824228028503 (7065, 12630, 9164, 10531)
88.0 168.0 0.5574866310160428 (7089, 12716, 9164, 10641)
89.0 169.0 0.5574247307601604 (7091, 12721, 9164, 10648)
90.0 170.0 0.5573371060284524 (7091, 12723, 9164, 10650)
91.0 171.0 0.5578071002199183 (7102, 12732, 9164, 10670)
92.0 172.0 0.557415519399249 (7126, 12784, 9164, 10746)
93.0 173.0 0.5551064822011503 (7142, 12866, 9164, 10844)
94.0 174.0 0.5512356609438755 (7160, 12989, 9164, 10985)
95.0 175.0 0.5492041628405264 (7177, 13068, 9164, 11081)
96.0 176.0 0.5491546170912708 (7178, 13071, 9164, 11085)
97.0 177.0 0.5490211073722852 (7179, 13076, 9164, 11091)
98.0 178.0 0.5488241114240049 (7211, 13139, 9164, 11186)
99.0 179.0 0.5454545454545454 (7242, 13277, 9164, 11355)
100.0 180.0 0.5446562593815671 (7257, 13324, 9164, 11417)
110.0 190.0 0.5371060905169263 (7346, 13677, 9164, 11859)
120.0 200.0 0.5295506582713223 (7401, 13976, 9164, 12213)
130.0 210.0 0.522695530726257 (7485, 14320, 9164, 12641)
140.0 220.0 0.5127700040755332 (7549, 14722, 9164, 13107)
150.0 230.0 0.5076209410205434 (7660, 15090, 9164, 13586)
160.0 240.0 0.49255725190839694 (7743, 15720, 9164, 14299)
170.0 250.0 0.4830729166666667 (7791, 16128, 9164, 14755)
180.0 260.0 0.48152489050644626 (7806, 16211, 9164, 14853)
190.0 270.0 0.47520135650699447 (7847, 16513, 9164, 15196)
200.0 280.0 0.46794871794871795 (7884, 16848, 9164, 15568)
210.0 290.0 0.4627214782761242 (7913, 17101, 9164, 15850)
220.0 300.0 0.4537010655877828 (7962, 17549, 9164, 16347)
230.0 310.0 0.4460688577646337 (7994, 17921, 9164, 16751)
240.0 320.0 0.4367559928249171 (8035, 18397, 9164, 17268)
250.0 330.0 0.42813990461049284 (8079, 18870, 9164, 17785)
260.0 340.0 0.42032967032967034 (8109, 19292, 9164, 18237)
270.0 350.0 0.4123011449994934 (8138, 19738, 9164, 18712)
280.0 360.0 0.40407091917591126 (8159, 20192, 9164, 19187)
290.0 370.0 0.3947508081246683 (8182, 20727, 9164, 19745)
300.0 380.0 0.378188335861023 (8229, 21759, 9164, 20824)
310.0 390.0 0.3718658564033311 (8261, 22215, 9164, 21312)
320.0 400.0 0.35772603568188693 (8281, 23149, 9164, 22266)
330.0 410.0 0.34593132154006245 (8311, 24025, 9164, 23172)
340.0 420.0 0.3444439849468591 (8329, 24181, 9164, 23346)
350.0 430.0 0.33820966892247845 (8346, 24677, 9164, 23859)
360.0 440.0 0.3325113356137141 (8360, 25142, 9164, 24338)
370.0 450.0 0.32781366216480723 (8374, 25545, 9164, 24755)
380.0 460.0 0.32263766667947585 (8396, 26023, 9164, 25255)
390.0 470.0 0.31703273932863657 (8415, 26543, 9164, 25794)
400.0 480.0 0.3133134994421718 (8425, 26890, 9164, 26151)
410.0 490.0 0.30734512630123023 (8444, 27474, 9164, 26754)
420.0 500.0 0.30391839959774447 (8462, 27843, 9164, 27141)
430.0 510.0 0.29973127784456544 (8477, 28282, 9164, 27595)
440.0 520.0 0.29537069265576055 (8486, 28730, 9164, 28052)
450.0 530.0 0.290144115839082 (8496, 29282, 9164, 28614)
460.0 540.0 0.28662420382165604 (8505, 29673, 9164, 29014)
470.0 550.0 0.282626021119745 (8511, 30114, 9164, 29461)
480.0 560.0 0.27790284166911355 (8518, 30651, 9164, 30005)
490.0 570.0 0.2746757635246034 (8535, 31073, 9164, 30444)
500.0 580.0 0.26988187732929064 (8545, 31662, 9164, 31043)
510.0 590.0 0.26699984382320785 (8548, 32015, 9164, 31399)

# t1=158.0 t2=213.0 dt=55.0
# sim=0.5350538988118656
# len(old_es)=9486
1.0 159.0 0.102156414588095 (1028, 10063, 10023, 1068)
2.0 160.0 0.16520539848290808 (1677, 10151, 10023, 1805)
3.0 161.0 0.20938663531256124 (2137, 10206, 10023, 2320)
4.0 162.0 0.2096600372293524 (2140, 10207, 10023, 2324)
5.0 163.0 0.21054178504947585 (2149, 10207, 10023, 2333)
6.0 164.0 0.26669907632474477 (2743, 10285, 10023, 3005)
7.0 165.0 0.30827939329533377 (3191, 10351, 10023, 3519)
8.0 166.0 0.33675525280629376 (3510, 10423, 10023, 3910)
9.0 167.0 0.3588453138353433 (3779, 10531, 10023, 4287)
10.0 168.0 0.3825768254863265 (4071, 10641, 10023, 4689)
11.0 169.0 0.3827948910593539 (4076, 10648, 10023, 4701)
12.0 170.0 0.38328638497652584 (4082, 10650, 10023, 4709)
13.0 171.0 0.3908153701968135 (4170, 10670, 10023, 4817)
14.0 172.0 0.41029220174948816 (4409, 10746, 10023, 5132)
15.0 173.0 0.42428992991516046 (4601, 10844, 10023, 5422)
16.0 174.0 0.43249886208466093 (4751, 10985, 10023, 5713)
17.0 175.0 0.441566645609602 (4893, 11081, 10023, 5951)
18.0 176.0 0.44167794316644116 (4896, 11085, 10023, 5958)
19.0 177.0 0.4419799837706248 (4902, 11091, 10023, 5970)
20.0 178.0 0.45261934561058464 (5063, 11186, 10023, 6226)
21.0 179.0 0.458476442095993 (5206, 11355, 10023, 6538)
22.0 180.0 0.4662345624945257 (5323, 11417, 10023, 6717)
23.0 181.0 0.4734135285913529 (5431, 11472, 10023, 6880)
24.0 182.0 0.47892454466608847 (5522, 11530, 10023, 7029)
25.0 183.0 0.4790600884418625 (5525, 11533, 10023, 7035)
26.0 184.0 0.4787316988651131 (5526, 11543, 10023, 7046)
27.0 185.0 0.4810583283223091 (5600, 11641, 10023, 7218)
28.0 186.0 0.4887024991441287 (5710, 11684, 10023, 7371)
29.0 187.0 0.4930620583978888 (5792, 11747, 10023, 7516)
30.0 188.0 0.4972872160054256 (5866, 11796, 10023, 7639)
31.0 189.0 0.5017286449110381 (5950, 11859, 10023, 7786)
32.0 190.0 0.5017286449110381 (5950, 11859, 10023, 7786)
33.0 191.0 0.5016863406408094 (5950, 11860, 10023, 7787)
34.0 192.0 0.5087306917394224 (6060, 11912, 10023, 7949)
35.0 193.0 0.5129274395329442 (6150, 11990, 10023, 8117)
36.0 194.0 0.5156042496679947 (6212, 12048, 10023, 8237)
37.0 195.0 0.5153903592466605 (6212, 12053, 10023, 8242)
38.0 196.0 0.516022190941459 (6232, 12077, 10023, 8286)
39.0 197.0 0.515979466799139 (6232, 12078, 10023, 8287)
40.0 198.0 0.515936749730938 (6232, 12079, 10023, 8288)
41.0 199.0 0.5190342781806196 (6299, 12136, 10023, 8412)
42.0 200.0 0.5210840907230001 (6364, 12213, 10023, 8554)
43.0 201.0 0.5241008074382187 (6426, 12261, 10023, 8664)
44.0 202.0 0.5265037746570338 (6486, 12319, 10023, 8782)
45.0 203.0 0.5301769411004282 (6562, 12377, 10023, 8916)
46.0 204.0 0.5302577361234548 (6563, 12377, 10023, 8917)
47.0 205.0 0.5302956858943286 (6564, 12378, 10023, 8919)
48.0 206.0 0.5301477116797159 (6568, 12389, 10023, 8934)
49.0 207.0 0.53154599454166 (6622, 12458, 10023, 9057)
50.0 208.0 0.5318741012941365 (6658, 12518, 10023, 9153)
51.0 209.0 0.5333916361901733 (6709, 12578, 10023, 9264)
52.0 210.0 0.5341349576773989 (6752, 12641, 10023, 9370)
53.0 211.0 0.534092706850182 (6752, 12642, 10023, 9371)
54.0 212.0 0.534171808258187 (6753, 12642, 10023, 9372)
55.0 213.0 0.5350538988118656 (6800, 12709, 10023, 9486)
56.0 214.0 0.5344652218136297 (6831, 12781, 10023, 9589)
57.0 215.0 0.534733566705562 (6874, 12855, 10023, 9706)
58.0 216.0 0.5321412054878989 (6904, 12974, 10023, 9855)
59.0 217.0 0.5329088677508438 (6947, 13036, 10023, 9960)
60.0 218.0 0.5329088677508438 (6947, 13036, 10023, 9960)
61.0 219.0 0.5329855783982816 (6948, 13036, 10023, 9961)
62.0 220.0 0.5322346837567712 (6976, 13107, 10023, 10060)
63.0 221.0 0.532543479911901 (7012, 13167, 10023, 10156)
64.0 222.0 0.5338431253785585 (7051, 13208, 10023, 10236)
65.0 223.0 0.5342186674715159 (7080, 13253, 10023, 10310)
66.0 224.0 0.534084084084084 (7114, 13320, 10023, 10411)
67.0 225.0 0.534084084084084 (7114, 13320, 10023, 10411)
68.0 226.0 0.5341591591591591 (7115, 13320, 10023, 10412)
69.0 227.0 0.5332038544856951 (7138, 13387, 10023, 10502)
70.0 228.0 0.5335118649111061 (7172, 13443, 10023, 10592)
71.0 229.0 0.5313377679231338 (7189, 13530, 10023, 10696)
72.0 230.0 0.5314294126306492 (7220, 13586, 10023, 10783)
73.0 231.0 0.5313117996044825 (7254, 13653, 10023, 10884)
74.0 232.0 0.533650677407543 (7287, 13655, 10023, 10919)
75.0 233.0 0.5337531117293893 (7290, 13658, 10023, 10925)
76.0 234.0 0.5335650662611341 (7368, 13809, 10023, 11154)
77.0 235.0 0.5329694009481396 (7420, 13922, 10023, 11319)
78.0 236.0 0.5321270836301467 (7470, 14038, 10023, 11485)
79.0 237.0 0.5305806087936866 (7530, 14192, 10023, 11699)
80.0 238.0 0.5295270081164287 (7568, 14292, 10023, 11837)
81.0 239.0 0.5294899601203387 (7568, 14293, 10023, 11838)
82.0 240.0 0.5295475208056507 (7572, 14299, 10023, 11848)
83.0 241.0 0.530977130977131 (7662, 14430, 10023, 12069)
84.0 242.0 0.5289461003648379 (7684, 14527, 10023, 12188)
85.0 243.0 0.5292709615647654 (7739, 14622, 10023, 12338)
86.0 244.0 0.5293395196506551 (7758, 14656, 10023, 12391)
87.0 245.0 0.5280837753297973 (7766, 14706, 10023, 12449)
88.0 246.0 0.5280837753297973 (7766, 14706, 10023, 12449)
89.0 247.0 0.5280837753297973 (7766, 14706, 10023, 12449)
90.0 248.0 0.5284724109812449 (7777, 14716, 10023, 12470)
91.0 249.0 0.5284773606679791 (7785, 14731, 10023, 12493)
92.0 250.0 0.5278210776008133 (7788, 14755, 10023, 12520)
93.0 251.0 0.5280693438071375 (7798, 14767, 10023, 12542)
94.0 252.0 0.5277401894451962 (7800, 14780, 10023, 12557)
95.0 253.0 0.5277044854881267 (7800, 14781, 10023, 12558)
96.0 254.0 0.5277721399093431 (7801, 14781, 10023, 12559)
97.0 255.0 0.5279524099236125 (7810, 14793, 10023, 12580)
98.0 256.0 0.5276558384547849 (7813, 14807, 10023, 12597)
99.0 257.0 0.5272457512813596 (7818, 14828, 10023, 12623)
100.0 258.0 0.5268795472918351 (7821, 14844, 10023, 12642)
110.0 268.0 0.5232789494627935 (7890, 15078, 10023, 12945)
120.0 278.0 0.5176242737249839 (8018, 15490, 10023, 13485)
130.0 288.0 0.513677811550152 (8112, 15792, 10023, 13881)
140.0 298.0 0.5043981054315064 (8200, 16257, 10023, 14434)
150.0 308.0 0.4947450137346232 (8285, 16746, 10023, 15008)
160.0 318.0 0.4863509099393374 (8338, 17144, 10023, 15459)
170.0 328.0 0.4756903269523971 (8424, 17709, 10023, 16110)
180.0 338.0 0.4668395497682631 (8461, 18124, 10023, 16562)
190.0 348.0 0.4583691910499139 (8522, 18592, 10023, 17091)
200.0 358.0 0.4485590250536116 (8576, 19119, 10023, 17672)
210.0 368.0 0.441171966719412 (8643, 19591, 10023, 18211)
220.0 378.0 0.4187397944481798 (8719, 20822, 10023, 19518)
230.0 388.0 0.41428029584676657 (8738, 21092, 10023, 19807)
240.0 398.0 0.4036208243348803 (8784, 21763, 10023, 20524)
250.0 408.0 0.3802166501229986 (8810, 23171, 10023, 21958)
260.0 418.0 0.3789044038668099 (8819, 23275, 10023, 22071)
270.0 428.0 0.37247729566094856 (8859, 23784, 10023, 22620)
280.0 438.0 0.3672087839511269 (8896, 24226, 10023, 23099)
290.0 448.0 0.3608563926479499 (8933, 24755, 10023, 23665)
300.0 458.0 0.3563328160439298 (8955, 25131, 10023, 24063)
310.0 468.0 0.3485013200807579 (8976, 25756, 10023, 24709)
320.0 478.0 0.3456591022539646 (9002, 26043, 10023, 25022)
330.0 488.0 0.3387229891956783 (9029, 26656, 10023, 25662)
340.0 498.0 0.33386233622439565 (9046, 27095, 10023, 26118)
350.0 508.0 0.3302845898772 (9064, 27443, 10023, 26484)
360.0 518.0 0.3243734626216534 (9099, 28051, 10023, 27127)
370.0 528.0 0.31972216375499896 (9114, 28506, 10023, 27597)
380.0 538.0 0.3153311910438478 (9126, 28941, 10023, 28044)
390.0 548.0 0.31187239565544095 (9131, 29278, 10023, 28386)
400.0 558.0 0.30721013642610534 (9165, 29833, 10023, 28975)
410.0 568.0 0.3022582131805912 (9182, 30378, 10023, 29537)
420.0 578.0 0.29770844122216467 (9198, 30896, 10023, 30071)
430.0 588.0 0.29328959521003856 (9209, 31399, 10023, 30585)

# t1=213.0 t2=264.0 dt=51.0
# sim=0.5208415103226313
# len(old_es)=9888
1.0 214.0 0.12347481489206383 (1184, 9589, 9486, 1287)
2.0 215.0 0.20265814959818668 (1967, 9706, 9486, 2187)
3.0 216.0 0.25469304921359714 (2510, 9855, 9486, 2879)
4.0 217.0 0.2912650602409639 (2901, 9960, 9486, 3375)
5.0 218.0 0.2920682730923695 (2909, 9960, 9486, 3383)
6.0 219.0 0.29304286718200984 (2919, 9961, 9486, 3394)
7.0 220.0 0.32415506958250495 (3261, 10060, 9486, 3835)
8.0 221.0 0.3537810161480898 (3593, 10156, 9486, 4263)
9.0 222.0 0.36938257131692065 (3781, 10236, 9486, 4531)
10.0 223.0 0.38457807953443257 (3965, 10310, 9486, 4789)
11.0 224.0 0.4005378926135818 (4170, 10411, 9486, 5095)
12.0 225.0 0.40140236288540965 (4179, 10411, 9486, 5104)
13.0 226.0 0.40145985401459855 (4180, 10412, 9486, 5106)
14.0 227.0 0.41763473624071606 (4386, 10502, 9486, 5402)
15.0 228.0 0.43089123867069484 (4564, 10592, 9486, 5670)
16.0 229.0 0.43904263275991023 (4696, 10696, 9486, 5906)
17.0 230.0 0.448112770101085 (4832, 10783, 9486, 6129)
18.0 231.0 0.46003307607497246 (5007, 10884, 9486, 6405)
19.0 232.0 0.4607564795310926 (5031, 10919, 9486, 6464)
20.0 233.0 0.46141876430205947 (5041, 10925, 9486, 6480)
21.0 234.0 0.473283127129281 (5279, 11154, 9486, 6947)
22.0 235.0 0.4838766675501369 (5477, 11319, 9486, 7310)
23.0 236.0 0.5001306051371354 (5744, 11485, 9486, 7743)
24.0 237.0 0.5007265578254552 (5858, 11699, 9486, 8071)
25.0 238.0 0.5029145898454 (5953, 11837, 9486, 8304)
26.0 239.0 0.503294475418145 (5958, 11838, 9486, 8310)
27.0 240.0 0.5034604996623903 (5965, 11848, 9486, 8327)
28.0 241.0 0.5073328361918966 (6123, 12069, 9486, 8706)
29.0 242.0 0.5109123728257302 (6227, 12188, 9486, 8929)
30.0 243.0 0.5128870157237801 (6328, 12338, 9486, 9180)
31.0 244.0 0.5146477281898152 (6377, 12391, 9486, 9282)
32.0 245.0 0.5136155514499157 (6394, 12449, 9486, 9357)
33.0 246.0 0.5136155514499157 (6394, 12449, 9486, 9357)
34.0 247.0 0.5136958791870833 (6395, 12449, 9486, 9358)
35.0 248.0 0.5140336808340016 (6410, 12470, 9486, 9394)
36.0 249.0 0.5143680461058192 (6426, 12493, 9486, 9433)
37.0 250.0 0.5143769968051118 (6440, 12520, 9486, 9474)
38.0 251.0 0.5149896348269813 (6459, 12542, 9486, 9515)
39.0 252.0 0.5158079159034802 (6477, 12557, 9486, 9548)
40.0 253.0 0.5157668418537984 (6477, 12558, 9486, 9549)
41.0 254.0 0.5157257743450911 (6477, 12559, 9486, 9550)
42.0 255.0 0.5166136724960254 (6499, 12580, 9486, 9593)
43.0 256.0 0.516948479796777 (6512, 12597, 9486, 9623)
44.0 257.0 0.5170720114077477 (6527, 12623, 9486, 9664)
45.0 258.0 0.5178769182091442 (6547, 12642, 9486, 9703)
46.0 259.0 0.5183312262958281 (6560, 12656, 9486, 9730)
47.0 260.0 0.5182902741565932 (6560, 12657, 9486, 9731)
48.0 261.0 0.5183663796508413 (6562, 12659, 9486, 9735)
49.0 262.0 0.5185272784610533 (6577, 12684, 9486, 9775)
50.0 263.0 0.5196596012922543 (6595, 12691, 9486, 9800)
51.0 264.0 0.5208415103226313 (6635, 12739, 9486, 9888)
52.0 265.0 0.5203930437495126 (6673, 12823, 9486, 10010)
53.0 266.0 0.5186186650185414 (6713, 12944, 9486, 10171)
54.0 267.0 0.5186959208899876 (6714, 12944, 9486, 10172)
55.0 268.0 0.5186558516801854 (6714, 12945, 9486, 10173)
56.0 269.0 0.5194066559065407 (6758, 13011, 9486, 10283)
57.0 270.0 0.5203146479303498 (6813, 13094, 9486, 10421)
58.0 271.0 0.5189537528430629 (6845, 13190, 9486, 10549)
59.0 272.0 0.5171426418506518 (6863, 13271, 9486, 10648)
60.0 273.0 0.5185435435435436 (6907, 13320, 9486, 10741)
61.0 274.0 0.5185435435435436 (6907, 13320, 9486, 10741)
62.0 275.0 0.5186186186186186 (6908, 13320, 9486, 10742)
63.0 276.0 0.5188898032468018 (6936, 13367, 9486, 10817)
64.0 277.0 0.5180220434912124 (6956, 13428, 9486, 10898)
65.0 278.0 0.5170930663700408 (6973, 13485, 9486, 10972)
66.0 279.0 0.5165915305594561 (6990, 13531, 9486, 11035)
67.0 280.0 0.5160317693778497 (7017, 13598, 9486, 11129)
68.0 281.0 0.5159938230752261 (7017, 13599, 9486, 11130)
69.0 282.0 0.515917947209764 (7017, 13601, 9486, 11132)
70.0 283.0 0.5154110842667838 (7040, 13659, 9486, 11213)
71.0 284.0 0.5152443471918308 (7064, 13710, 9486, 11288)
72.0 285.0 0.5156885531667635 (7100, 13768, 9486, 11382)
73.0 286.0 0.5155400999782656 (7116, 13803, 9486, 11433)
74.0 287.0 0.5150226961596657 (7148, 13879, 9486, 11541)
75.0 288.0 0.5149484907427418 (7148, 13881, 9486, 11543)
76.0 289.0 0.514911396052442 (7148, 13882, 9486, 11544)
77.0 290.0 0.5142242923683268 (7176, 13955, 9486, 11645)
78.0 291.0 0.513426882256571 (7208, 14039, 9486, 11761)
79.0 292.0 0.5125425170068028 (7233, 14112, 9486, 11859)
80.0 293.0 0.511861056198814 (7250, 14164, 9486, 11928)
81.0 294.0 0.5107115263046991 (7271, 14237, 9486, 12022)
82.0 295.0 0.5107817658214512 (7272, 14237, 9486, 12023)
83.0 296.0 0.5107817658214512 (7272, 14237, 9486, 12023)
84.0 297.0 0.5089435438792621 (7284, 14312, 9486, 12110)
85.0 298.0 0.506165996951642 (7306, 14434, 9486, 12254)
86.0 299.0 0.5054808686659773 (7332, 14505, 9486, 12351)
87.0 300.0 0.5049824754312419 (7348, 14551, 9486, 12413)
88.0 301.0 0.5033823026990092 (7367, 14635, 9486, 12516)
89.0 302.0 0.5034162339437005 (7368, 14636, 9486, 12518)
90.0 303.0 0.5033474518376827 (7368, 14638, 9486, 12520)
91.0 304.0 0.5026192257976733 (7388, 14699, 9486, 12601)
92.0 305.0 0.5014571331751948 (7399, 14755, 9486, 12668)
93.0 306.0 0.49922511960110505 (7409, 14841, 9486, 12764)
94.0 307.0 0.4975217682518419 (7428, 14930, 9486, 12872)
95.0 308.0 0.49586886993603413 (7442, 15008, 9486, 12964)
96.0 309.0 0.4958358318342328 (7442, 15009, 9486, 12965)
97.0 310.0 0.4957703323786052 (7443, 15013, 9486, 12970)
98.0 311.0 0.4939375869608428 (7455, 15093, 9486, 13062)
99.0 312.0 0.4932998877813717 (7473, 15149, 9486, 13136)
100.0 313.0 0.4916912972085386 (7486, 15225, 9486, 13225)
110.0 323.0 0.48157076698597984 (7591, 15763, 9486, 13868)
120.0 333.0 0.4705342951461059 (7697, 16358, 9486, 14569)
130.0 343.0 0.46094629004559723 (7784, 16887, 9486, 15185)
140.0 353.0 0.45255685097541265 (7841, 17326, 9486, 15681)
150.0 363.0 0.44019564250778126 (7920, 17992, 9486, 16426)
160.0 373.0 0.42970222389747453 (7980, 18571, 9486, 17065)
170.0 383.0 0.409707750952986 (8061, 19675, 9486, 18250)
180.0 393.0 0.39969387251271415 (8095, 20253, 9486, 18862)
190.0 403.0 0.37850554365042394 (8125, 21466, 9486, 20105)
200.0 413.0 0.3705991913869077 (8158, 22013, 9486, 20685)
210.0 423.0 0.3666696564714324 (8176, 22298, 9486, 20988)
220.0 433.0 0.35958934032328527 (8231, 22890, 9486, 21635)
230.0 443.0 0.35462668614142107 (8255, 23278, 9486, 22047)
240.0 453.0 0.34731543624161076 (8280, 23840, 9486, 22634)
250.0 463.0 0.34239802224969096 (8310, 24270, 9486, 23094)
260.0 473.0 0.335007836675642 (8336, 24883, 9486, 23733)
270.0 483.0 0.3298765821537006 (8366, 25361, 9486, 24241)
280.0 493.0 0.3250629967047878 (8385, 25795, 9486, 24694)
290.0 503.0 0.32017876079381913 (8454, 26404, 9486, 25372)
300.0 513.0 0.3169124803473834 (8466, 26714, 9486, 25694)
310.0 523.0 0.31035617640605573 (8487, 27346, 9486, 26347)
320.0 533.0 0.305464736104624 (8502, 27833, 9486, 26849)
330.0 543.0 0.3013122059915821 (8519, 28273, 9486, 27306)
340.0 553.0 0.29631684816536036 (8544, 28834, 9486, 27892)
350.0 563.0 0.2937816390751129 (8589, 29236, 9486, 28339)
360.0 573.0 0.2882406135914526 (8606, 29857, 9486, 28977)
370.0 583.0 0.2846390016836684 (8622, 30291, 9486, 29427)
380.0 593.0 0.2803207375665498 (8635, 30804, 9486, 29953)

# t1=264.0 t2=306.0 dt=42.0
# sim=0.5133970542149796
# len(old_es)=9429
1.0 265.0 0.09080919080919081 (909, 10010, 9888, 1031)
2.0 266.0 0.157408317766198 (1601, 10171, 9888, 1884)
3.0 267.0 0.1580810066850177 (1608, 10172, 9888, 1892)
4.0 268.0 0.1614076476948786 (1642, 10173, 9888, 1927)
5.0 269.0 0.22551784498687152 (2319, 10283, 9888, 2714)
6.0 270.0 0.2591881777180693 (2701, 10421, 9888, 3234)
7.0 271.0 0.28789458716466015 (3037, 10549, 9888, 3698)
8.0 272.0 0.3080390683696469 (3280, 10648, 9888, 4040)
9.0 273.0 0.33050926356950006 (3550, 10741, 9888, 4403)
10.0 274.0 0.33097476957452754 (3555, 10741, 9888, 4408)
11.0 275.0 0.33187488363433254 (3565, 10742, 9888, 4419)
12.0 276.0 0.36405657760931864 (3938, 10817, 9888, 4867)
13.0 277.0 0.38484125527619745 (4194, 10898, 9888, 5204)
14.0 278.0 0.40257017863652933 (4417, 10972, 9888, 5501)
15.0 279.0 0.4177616674218396 (4610, 11035, 9888, 5757)
16.0 280.0 0.4310360319884985 (4797, 11129, 9888, 6038)
17.0 281.0 0.431266846361186 (4800, 11130, 9888, 6042)
18.0 282.0 0.4315486884656845 (4804, 11132, 9888, 6048)
19.0 283.0 0.4404708820119504 (4939, 11213, 9888, 6264)
20.0 284.0 0.45021261516654854 (5082, 11288, 9888, 6482)
21.0 285.0 0.4602003162888772 (5238, 11382, 9888, 6732)
22.0 286.0 0.46838100236158486 (5355, 11433, 9888, 6900)
23.0 287.0 0.47508881379429857 (5483, 11541, 9888, 7136)
24.0 288.0 0.47509313003551934 (5484, 11543, 9888, 7139)
25.0 289.0 0.4753984753984754 (5488, 11544, 9888, 7144)
26.0 290.0 0.4806354658651782 (5597, 11645, 9888, 7354)
27.0 291.0 0.4891590851118102 (5753, 11761, 9888, 7626)
28.0 292.0 0.4925373134328358 (5841, 11859, 9888, 7812)
29.0 293.0 0.4970657276995305 (5929, 11928, 9888, 7969)
30.0 294.0 0.49975045749459324 (6008, 12022, 9888, 8142)
31.0 295.0 0.49970889129169094 (6008, 12023, 9888, 8143)
32.0 296.0 0.49970889129169094 (6008, 12023, 9888, 8143)
33.0 297.0 0.5026424442609414 (6087, 12110, 9888, 8309)
34.0 298.0 0.5046515423535172 (6184, 12254, 9888, 8550)
35.0 299.0 0.506112865355032 (6251, 12351, 9888, 8714)
36.0 300.0 0.5082574720051559 (6309, 12413, 9888, 8834)
37.0 301.0 0.5076701821668265 (6354, 12516, 9888, 8982)
38.0 302.0 0.5076689567023486 (6355, 12518, 9888, 8985)
39.0 303.0 0.5076677316293929 (6356, 12520, 9888, 8988)
40.0 304.0 0.5085310689627808 (6408, 12601, 9888, 9121)
41.0 305.0 0.5101831386169877 (6463, 12668, 9888, 9243)
42.0 306.0 0.5133970542149796 (6553, 12764, 9888, 9429)
43.0 307.0 0.512119328775637 (6592, 12872, 9888, 9576)
44.0 308.0 0.5114933662449861 (6631, 12964, 9888, 9707)
45.0 309.0 0.5114539143848824 (6631, 12965, 9888, 9708)
46.0 310.0 0.5116422513492676 (6636, 12970, 9888, 9718)
47.0 311.0 0.5112540192926045 (6678, 13062, 9888, 9852)
48.0 312.0 0.5117235079171741 (6722, 13136, 9888, 9970)
49.0 313.0 0.511077504725898 (6759, 13225, 9888, 10096)
50.0 314.0 0.5120595086032008 (6815, 13309, 9888, 10236)
51.0 315.0 0.5112087584717361 (6864, 13427, 9888, 10403)
52.0 316.0 0.5113196306225797 (6866, 13428, 9888, 10406)
53.0 317.0 0.5113924050632911 (6868, 13430, 9888, 10410)
54.0 318.0 0.5123954710278991 (6924, 13513, 9888, 10549)
55.0 319.0 0.5117391624346802 (6953, 13587, 9888, 10652)
56.0 320.0 0.5107114133216348 (6985, 13677, 9888, 10774)
57.0 321.0 0.5106630759152777 (7016, 13739, 9888, 10867)
58.0 322.0 0.5089794446447891 (7057, 13865, 9888, 11034)
59.0 323.0 0.5088693394865879 (7057, 13868, 9888, 11037)
60.0 324.0 0.5087580191739349 (7058, 13873, 9888, 11043)
61.0 325.0 0.5091989405111318 (7113, 13969, 9888, 11194)
62.0 326.0 0.5076048329779673 (7142, 14070, 9888, 11324)
63.0 327.0 0.5067796610169492 (7176, 14160, 9888, 11448)
64.0 328.0 0.5053575180334757 (7216, 14279, 9888, 11607)
65.0 329.0 0.5040678673249427 (7249, 14381, 9888, 11742)
66.0 330.0 0.5042752867570386 (7254, 14385, 9888, 11751)
67.0 331.0 0.5043091465109814 (7256, 14388, 9888, 11756)
68.0 332.0 0.5032747328507411 (7300, 14505, 9888, 11917)
69.0 333.0 0.5029171528588098 (7327, 14569, 9888, 12008)
70.0 334.0 0.5036531239330829 (7376, 14645, 9888, 12133)
71.0 335.0 0.5020690590869005 (7401, 14741, 9888, 12254)
72.0 336.0 0.5020937457787383 (7434, 14806, 9888, 12352)
73.0 337.0 0.5022288261515602 (7436, 14806, 9888, 12354)
74.0 338.0 0.5020253848231164 (7436, 14812, 9888, 12360)
75.0 339.0 0.5011424731182795 (7457, 14880, 9888, 12449)
76.0 340.0 0.5002673796791444 (7484, 14960, 9888, 12556)
77.0 341.0 0.4991688277146087 (7507, 15039, 9888, 12658)
78.0 342.0 0.49910684750248097 (7544, 15115, 9888, 12771)
79.0 343.0 0.4983207112281857 (7567, 15185, 9888, 12864)
80.0 344.0 0.49825508658721274 (7567, 15187, 9888, 12866)
81.0 345.0 0.49825508658721274 (7567, 15187, 9888, 12866)
82.0 346.0 0.4970154148901279 (7577, 15245, 9888, 12934)
83.0 347.0 0.4944603753910323 (7587, 15344, 9888, 13043)
84.0 348.0 0.4936413184531534 (7608, 15412, 9888, 13132)
85.0 349.0 0.4921885087153002 (7624, 15490, 9888, 13226)
86.0 350.0 0.49059390048154095 (7641, 15575, 9888, 13328)
87.0 351.0 0.4905309109584644 (7641, 15577, 9888, 13330)
88.0 352.0 0.4905309109584644 (7641, 15577, 9888, 13330)
89.0 353.0 0.48931828327275045 (7673, 15681, 9888, 13466)
90.0 354.0 0.4875237492083597 (7698, 15790, 9888, 13600)
91.0 355.0 0.4869043862417166 (7715, 15845, 9888, 13672)
92.0 356.0 0.48559774082208973 (7738, 15935, 9888, 13785)
93.0 357.0 0.4842845584116512 (7781, 16067, 9888, 13960)
94.0 358.0 0.4842544187204381 (7781, 16068, 9888, 13961)
95.0 359.0 0.48422428278050905 (7781, 16069, 9888, 13962)
96.0 360.0 0.4826945699956659 (7796, 16151, 9888, 14059)
97.0 361.0 0.48064734477878285 (7811, 16251, 9888, 14174)
98.0 362.0 0.4789473684210526 (7826, 16340, 9888, 14278)
99.0 363.0 0.4776573724582978 (7846, 16426, 9888, 14384)
100.0 364.0 0.475795715841704 (7863, 16526, 9888, 14501)
110.0 374.0 0.44950405770964835 (7976, 17744, 9888, 15832)
120.0 384.0 0.44219842657342656 (8094, 18304, 9888, 16510)
130.0 394.0 0.43250980807973705 (8158, 18862, 9888, 17132)
140.0 404.0 0.40698823761984776 (8235, 20234, 9888, 18581)
150.0 414.0 0.4003867536862461 (8282, 20685, 9888, 19079)
160.0 424.0 0.39616461764845495 (8346, 21067, 9888, 19525)
170.0 434.0 0.3874143244859469 (8422, 21739, 9888, 20273)
180.0 444.0 0.3832338038364097 (8471, 22104, 9888, 20687)
190.0 454.0 0.37600282112315964 (8530, 22686, 9888, 21328)
200.0 464.0 0.3743181227811932 (8646, 23098, 9888, 21856)
210.0 474.0 0.36559727536475634 (8695, 23783, 9888, 22590)
220.0 484.0 0.36091745390041663 (8749, 24241, 9888, 23102)
230.0 494.0 0.3545403134593634 (8777, 24756, 9888, 23645)
240.0 504.0 0.34716475548725223 (8810, 25377, 9888, 24299)
250.0 514.0 0.3428050153332557 (8831, 25761, 9888, 24704)
260.0 524.0 0.33485926150121065 (8851, 26432, 9888, 25395)
270.0 534.0 0.3304532419649175 (8873, 26851, 9888, 25836)
280.0 544.0 0.3244614822928076 (8887, 27390, 9888, 26389)
290.0 554.0 0.3190764707991252 (8900, 27893, 9888, 26905)
300.0 564.0 0.31359448625079117 (8918, 28438, 9888, 27468)
310.0 574.0 0.30795740428024954 (8936, 29017, 9888, 28065)
320.0 584.0 0.3035544702211369 (8950, 29484, 9888, 28546)
330.0 594.0 0.2988831471911985 (8965, 29995, 9888, 29072)

# t1=306.0 t2=353.0 dt=47.0
# sim=0.5130699539581167
# len(old_es)=10946
1.0 307.0 0.12489557226399331 (1196, 9576, 9429, 1343)
2.0 308.0 0.18728752446687957 (1818, 9707, 9429, 2096)
3.0 309.0 0.18891635764318088 (1834, 9708, 9429, 2113)
4.0 310.0 0.19098579954723194 (1856, 9718, 9429, 2145)
5.0 311.0 0.26025172553796183 (2564, 9852, 9429, 2987)
6.0 312.0 0.3085255767301906 (3076, 9970, 9429, 3617)
7.0 313.0 0.3541996830427892 (3576, 10096, 9429, 4243)
8.0 314.0 0.388042203985932 (3972, 10236, 9429, 4779)
9.0 315.0 0.40824762087859273 (4247, 10403, 9429, 5221)
10.0 316.0 0.4082260234480108 (4248, 10406, 9429, 5225)
11.0 317.0 0.4086455331412104 (4254, 10410, 9429, 5235)
12.0 318.0 0.4324580528960091 (4562, 10549, 9429, 5682)
13.0 319.0 0.4483665039429215 (4776, 10652, 9429, 5999)
14.0 320.0 0.46101726378318175 (4967, 10774, 9429, 6312)
15.0 321.0 0.4705070396613601 (5113, 10867, 9429, 6551)
16.0 322.0 0.47833967736088456 (5278, 11034, 9429, 6883)
17.0 323.0 0.4788438887378817 (5285, 11037, 9429, 6893)
18.0 324.0 0.4789459386036403 (5289, 11043, 9429, 6903)
19.0 325.0 0.48856530284080757 (5469, 11194, 9429, 7234)
20.0 326.0 0.4945249028611798 (5600, 11324, 9429, 7495)
21.0 327.0 0.5003494060097834 (5728, 11448, 9429, 7747)
22.0 328.0 0.5040062031532696 (5850, 11607, 9429, 8028)
23.0 329.0 0.5049395332992676 (5929, 11742, 9429, 8242)
24.0 330.0 0.5048081014381754 (5932, 11751, 9429, 8254)
25.0 331.0 0.5045933991153454 (5932, 11756, 9429, 8259)
26.0 332.0 0.5062515733825628 (6033, 11917, 9429, 8521)
27.0 333.0 0.5082445036642238 (6103, 12008, 9429, 8682)
28.0 334.0 0.5086952938267535 (6172, 12133, 9429, 8876)
29.0 335.0 0.5102823567814592 (6253, 12254, 9429, 9078)
30.0 336.0 0.510848445595855 (6310, 12352, 9429, 9233)
31.0 337.0 0.5107657438886191 (6310, 12354, 9429, 9235)
32.0 338.0 0.5108414239482201 (6314, 12360, 9429, 9245)
33.0 339.0 0.5120893244437305 (6375, 12449, 9429, 9395)
34.0 340.0 0.5116279069767442 (6424, 12556, 9429, 9551)
35.0 341.0 0.5117712118818138 (6478, 12658, 9429, 9707)
36.0 342.0 0.510531673322371 (6520, 12771, 9429, 9862)
37.0 343.0 0.5113495024875622 (6578, 12864, 9429, 10013)
38.0 344.0 0.5115031866936111 (6581, 12866, 9429, 10018)
39.0 345.0 0.5115031866936111 (6581, 12866, 9429, 10018)
40.0 346.0 0.5127570743776094 (6632, 12934, 9429, 10137)
41.0 347.0 0.5122287817219965 (6681, 13043, 9429, 10295)
42.0 348.0 0.5115747791653975 (6718, 13132, 9429, 10421)
43.0 349.0 0.5117949493422047 (6769, 13226, 9429, 10566)
44.0 350.0 0.5126050420168067 (6832, 13328, 9429, 10731)
45.0 351.0 0.5125281320330083 (6832, 13330, 9429, 10733)
46.0 352.0 0.5126031507876969 (6833, 13330, 9429, 10734)
47.0 353.0 0.5130699539581167 (6909, 13466, 9429, 10946)
48.0 354.0 0.5113235294117647 (6954, 13600, 9429, 11125)
49.0 355.0 0.5115564657694558 (6994, 13672, 9429, 11237)
50.0 356.0 0.5115705476967719 (7052, 13785, 9429, 11408)
51.0 357.0 0.5080229226361032 (7092, 13960, 9429, 11623)
52.0 358.0 0.5079865339159086 (7092, 13961, 9429, 11624)
53.0 359.0 0.507950150408251 (7092, 13962, 9429, 11625)
54.0 360.0 0.5067928017639945 (7125, 14059, 9429, 11755)
55.0 361.0 0.5045858614364329 (7152, 14174, 9429, 11897)
56.0 362.0 0.5039221179436896 (7195, 14278, 9429, 12044)
57.0 363.0 0.5030589543937709 (7236, 14384, 9429, 12191)
58.0 364.0 0.5018274601751603 (7277, 14501, 9429, 12349)
59.0 365.0 0.5017234247897422 (7278, 14506, 9429, 12355)
60.0 366.0 0.5017234247897422 (7278, 14506, 9429, 12355)
61.0 367.0 0.5008572800219464 (7303, 14581, 9429, 12455)
62.0 368.0 0.49959094627761114 (7328, 14668, 9429, 12567)
63.0 369.0 0.49857627118644066 (7354, 14750, 9429, 12675)
64.0 370.0 0.4960397368774332 (7390, 14898, 9429, 12859)
65.0 371.0 0.49107260944319536 (7426, 15122, 9429, 13119)
66.0 372.0 0.49107260944319536 (7426, 15122, 9429, 13119)
67.0 373.0 0.4909427475869364 (7426, 15126, 9429, 13123)
68.0 374.0 0.47208185952501264 (7474, 15832, 9429, 13877)
69.0 375.0 0.47160122737804494 (7531, 15969, 9429, 14071)
70.0 376.0 0.4705442769958899 (7556, 16058, 9429, 14185)
71.0 377.0 0.4688157406261601 (7577, 16162, 9429, 14310)
72.0 378.0 0.4681008444800592 (7594, 16223, 9429, 14388)
73.0 379.0 0.4681624853602909 (7595, 16223, 9429, 14389)
74.0 380.0 0.4682647276312546 (7599, 16228, 9429, 14398)
75.0 381.0 0.4666012991788209 (7614, 16318, 9429, 14503)
76.0 382.0 0.4653205636552187 (7628, 16393, 9429, 14592)
77.0 383.0 0.46489840613213285 (7642, 16438, 9429, 14651)
78.0 384.0 0.46390066626287096 (7659, 16510, 9429, 14740)
79.0 385.0 0.4632614864456922 (7673, 16563, 9429, 14807)
80.0 386.0 0.46317759265966435 (7673, 16566, 9429, 14810)
81.0 387.0 0.46314963481620086 (7673, 16567, 9429, 14811)
82.0 388.0 0.46199639206253756 (7683, 16630, 9429, 14884)
83.0 389.0 0.45996653919694075 (7698, 16736, 9429, 15005)
84.0 390.0 0.45642907885389533 (7710, 16892, 9429, 15173)
85.0 391.0 0.45537609054468287 (7725, 16964, 9429, 15260)
86.0 392.0 0.4526033154331076 (7754, 17132, 9429, 15457)
87.0 393.0 0.4526033154331076 (7754, 17132, 9429, 15457)
88.0 394.0 0.4526616857342984 (7755, 17132, 9429, 15458)
89.0 395.0 0.4520738933426281 (7782, 17214, 9429, 15567)
90.0 396.0 0.4512286788089043 (7804, 17295, 9429, 15670)
91.0 397.0 0.4506717407599608 (7816, 17343, 9429, 15730)
92.0 398.0 0.44854457941783177 (7828, 17452, 9429, 15851)
93.0 399.0 0.43635148680253927 (7836, 17958, 9429, 16365)
94.0 400.0 0.4358418154513599 (7836, 17979, 9429, 16386)
95.0 401.0 0.4351882705764745 (7836, 18006, 9429, 16413)
96.0 402.0 0.42943846027666904 (7854, 18289, 9429, 16714)
97.0 403.0 0.426704976688713 (7871, 18446, 9429, 16888)
98.0 404.0 0.4249502179645875 (7896, 18581, 9429, 17048)
99.0 405.0 0.4210582348557436 (7910, 18786, 9429, 17267)
100.0 406.0 0.417996103827726 (7939, 18993, 9429, 17503)
110.0 416.0 0.4168238993710692 (7953, 19080, 9429, 17604)
120.0 426.0 0.40856780735107734 (8059, 19725, 9429, 18355)
130.0 436.0 0.40076938252120736 (8126, 20276, 9429, 18973)
140.0 446.0 0.3911153570575591 (8188, 20935, 9429, 19694)
150.0 456.0 0.3863116094370474 (8269, 21405, 9429, 20245)
160.0 466.0 0.37683781949785117 (8330, 22105, 9429, 21006)
170.0 476.0 0.36954319192987095 (8389, 22701, 9429, 21661)
180.0 486.0 0.3623431321987279 (8431, 23268, 9429, 22270)
190.0 496.0 0.35523889354568317 (8476, 23860, 9429, 22907)
200.0 506.0 0.35041152263374487 (8515, 24300, 9429, 23386)
210.0 516.0 0.34253057950671745 (8541, 24935, 9429, 24047)
220.0 526.0 0.3365780900419987 (8575, 25477, 9429, 24623)
230.0 536.0 0.3316604254333475 (8591, 25903, 9429, 25065)
240.0 546.0 0.325826962379835 (8609, 26422, 9429, 25602)
250.0 556.0 0.3204251523710421 (8622, 26908, 9429, 26101)
260.0 566.0 0.31290030758096615 (8647, 27635, 9429, 26853)
270.0 576.0 0.3087721798617544 (8666, 28066, 9429, 27303)
280.0 586.0 0.30213447543438143 (8677, 28719, 9429, 27967)

# t1=353.0 t2=389.0 dt=36.0
# sim=0.4781072975674775
# len(old_es)=11233
1.0 354.0 0.13465168539325842 (1498, 11125, 10946, 1677)
2.0 355.0 0.19364599092284418 (2176, 11237, 10946, 2467)
3.0 356.0 0.25718793828892006 (2934, 11408, 10946, 3396)
4.0 357.0 0.2982018411769767 (3466, 11623, 10946, 4143)
5.0 358.0 0.2992085340674467 (3478, 11624, 10946, 4156)
6.0 359.0 0.2996989247311828 (3484, 11625, 10946, 4163)
7.0 360.0 0.34045087196937474 (4002, 11755, 10946, 4811)
8.0 361.0 0.3679078759351097 (4377, 11897, 10946, 5328)
9.0 362.0 0.3881600797077383 (4675, 12044, 10946, 5773)
10.0 363.0 0.4032482979246986 (4916, 12191, 10946, 6161)
11.0 364.0 0.4153372742732205 (5129, 12349, 10946, 6532)
12.0 365.0 0.41521651153379197 (5130, 12355, 10946, 6539)
13.0 366.0 0.41554026709834074 (5134, 12355, 10946, 6543)
14.0 367.0 0.42970694500200723 (5352, 12455, 10946, 6861)
15.0 368.0 0.4418715683934113 (5553, 12567, 10946, 7174)
16.0 369.0 0.4509664694280079 (5716, 12675, 10946, 7445)
17.0 370.0 0.45586748580760555 (5862, 12859, 10946, 7775)
18.0 371.0 0.46093452244835736 (6047, 13119, 10946, 8220)
19.0 372.0 0.46093452244835736 (6047, 13119, 10946, 8220)
20.0 373.0 0.46117503619599176 (6052, 13123, 10946, 8229)
21.0 374.0 0.44908841968725227 (6232, 13877, 10946, 9163)
22.0 375.0 0.45192239357543884 (6359, 14071, 10946, 9484)
23.0 376.0 0.45653859710962286 (6476, 14185, 10946, 9715)
24.0 377.0 0.45925925925925926 (6572, 14310, 10946, 9936)
25.0 378.0 0.4625382262996942 (6655, 14388, 10946, 10097)
26.0 379.0 0.46257557856696085 (6656, 14389, 10946, 10099)
27.0 380.0 0.46305042366995414 (6667, 14398, 10946, 10119)
28.0 381.0 0.46555884989312557 (6752, 14503, 10946, 10309)
29.0 382.0 0.46895559210526316 (6843, 14592, 10946, 10489)
30.0 383.0 0.4705480854549178 (6894, 14651, 10946, 10599)
31.0 384.0 0.47238805970149256 (6963, 14740, 10946, 10757)
32.0 385.0 0.47423515904639696 (7022, 14807, 10946, 10883)
33.0 386.0 0.47413909520594194 (7022, 14810, 10946, 10886)
34.0 387.0 0.4741745999594896 (7023, 14811, 10946, 10888)
35.0 388.0 0.4764176296694437 (7091, 14884, 10946, 11029)
36.0 389.0 0.4781072975674775 (7174, 15005, 10946, 11233)
37.0 390.0 0.4767679430567455 (7234, 15173, 10946, 11461)
38.0 391.0 0.47732634338138924 (7284, 15260, 10946, 11598)
39.0 392.0 0.47396001811477 (7326, 15457, 10946, 11837)
40.0 393.0 0.47408940932910654 (7328, 15457, 10946, 11839)
41.0 394.0 0.4744468883426058 (7334, 15458, 10946, 11846)
42.0 395.0 0.4752360763152823 (7398, 15567, 10946, 12019)
43.0 396.0 0.47568602425015954 (7454, 15670, 10946, 12178)
44.0 397.0 0.4762873490146217 (7492, 15730, 10946, 12276)
45.0 398.0 0.47788783042079364 (7575, 15851, 10946, 12480)
46.0 399.0 0.465139016193095 (7612, 16365, 10946, 13031)
47.0 400.0 0.4645429024777249 (7612, 16386, 10946, 13052)
48.0 401.0 0.46408334856516176 (7617, 16413, 10946, 13084)
49.0 402.0 0.45805911212157474 (7656, 16714, 10946, 13424)
50.0 403.0 0.45665561345333966 (7712, 16888, 10946, 13654)
51.0 404.0 0.45471609572970434 (7752, 17048, 10946, 13854)
52.0 405.0 0.4526553541437424 (7816, 17267, 10946, 14137)
53.0 406.0 0.45192252756670287 (7910, 17503, 10946, 14467)
54.0 407.0 0.45185608223872076 (7912, 17510, 10946, 14476)
55.0 408.0 0.45202741290691034 (7915, 17510, 10946, 14479)
56.0 409.0 0.4519499800148461 (7915, 17513, 10946, 14482)
57.0 410.0 0.4519499800148461 (7915, 17513, 10946, 14482)
58.0 411.0 0.45317220543806647 (7950, 17543, 10946, 14547)
59.0 412.0 0.4534235668789809 (7973, 17584, 10946, 14611)
60.0 413.0 0.45367266943134693 (7986, 17603, 10946, 14643)
61.0 414.0 0.45367266943134693 (7986, 17603, 10946, 14643)
62.0 415.0 0.4537037037037037 (7987, 17604, 10946, 14645)
63.0 416.0 0.4537037037037037 (7987, 17604, 10946, 14645)
64.0 417.0 0.45422555196095127 (8003, 17619, 10946, 14676)
65.0 418.0 0.4556504042060037 (8060, 17689, 10946, 14803)
66.0 419.0 0.4541312784746049 (8074, 17779, 10946, 14907)
67.0 420.0 0.4543720904144932 (8101, 17829, 10946, 14984)
68.0 421.0 0.4543720904144932 (8101, 17829, 10946, 14984)
69.0 422.0 0.4543772082328529 (8102, 17831, 10946, 14987)
70.0 423.0 0.4521377012770683 (8143, 18010, 10946, 15207)
71.0 424.0 0.4506343077771649 (8170, 18130, 10946, 15354)
72.0 425.0 0.4494658997534922 (8205, 18255, 10946, 15514)
73.0 426.0 0.44854263143557616 (8233, 18355, 10946, 15642)
74.0 427.0 0.44735131621709456 (8259, 18462, 10946, 15775)
75.0 428.0 0.4472786352558895 (8259, 18465, 10946, 15778)
76.0 429.0 0.447181764037035 (8259, 18469, 10946, 15782)
77.0 430.0 0.4462689781414881 (8289, 18574, 10946, 15917)
78.0 431.0 0.4459162331742371 (8315, 18647, 10946, 16016)
79.0 432.0 0.44417217131898573 (8338, 18772, 10946, 16164)
80.0 433.0 0.44350687257867644 (8357, 18843, 10946, 16254)
81.0 434.0 0.44285714285714284 (8401, 18970, 10946, 16425)
82.0 435.0 0.4429098576700053 (8402, 18970, 10946, 16426)
83.0 436.0 0.44283982501449426 (8402, 18973, 10946, 16429)
84.0 437.0 0.4425127370134986 (8425, 19039, 10946, 16518)
85.0 438.0 0.442718954248366 (8467, 19125, 10946, 16646)
86.0 439.0 0.44181202811767767 (8485, 19205, 10946, 16744)
87.0 440.0 0.44068236026132945 (8499, 19286, 10946, 16839)
88.0 441.0 0.4398760330578512 (8516, 19360, 10946, 16930)
89.0 442.0 0.4398760330578512 (8516, 19360, 10946, 16930)
90.0 443.0 0.43985331336191313 (8516, 19361, 10946, 16931)
91.0 444.0 0.43945242138850293 (8539, 19431, 10946, 17024)
92.0 445.0 0.4372192731727236 (8566, 19592, 10946, 17212)
93.0 446.0 0.435818015639281 (8583, 19694, 10946, 17331)
94.0 447.0 0.4347210994341148 (8604, 19792, 10946, 17450)
95.0 448.0 0.43386349909402055 (8620, 19868, 10946, 17542)
96.0 449.0 0.43386349909402055 (8620, 19868, 10946, 17542)
97.0 450.0 0.43396416347896116 (8622, 19868, 10946, 17544)
98.0 451.0 0.4335373194221509 (8643, 19936, 10946, 17633)
99.0 452.0 0.4328552151531811 (8661, 20009, 10946, 17724)
100.0 453.0 0.4317062248096731 (8676, 20097, 10946, 17827)
110.0 463.0 0.42485047269920895 (8808, 20732, 10946, 18594)
120.0 473.0 0.41452056070414006 (8901, 21473, 10946, 19428)
130.0 483.0 0.4079036711783079 (9011, 22091, 10946, 20156)
140.0 493.0 0.40121190676279356 (9071, 22609, 10946, 20734)
150.0 503.0 0.39159074382993286 (9155, 23379, 10946, 21588)
160.0 513.0 0.3876063695340804 (9201, 23738, 10946, 21993)
170.0 523.0 0.3789477990508918 (9263, 24444, 10946, 22761)
180.0 533.0 0.372874574914983 (9320, 24995, 10946, 23369)
190.0 543.0 0.3675616266289841 (9364, 25476, 10946, 23894)
200.0 553.0 0.361702942979767 (9439, 26096, 10946, 24589)
210.0 563.0 0.3563365442504515 (9470, 26576, 10946, 25100)
220.0 573.0 0.3492092613657212 (9517, 27253, 10946, 25824)
230.0 583.0 0.34386268570604356 (9536, 27732, 10946, 26322)
240.0 593.0 0.33822489391796323 (9565, 28280, 10946, 26899)

# t1=389.0 t2=437.0 dt=48.0
# sim=0.4514469064051338
# len(old_es)=12742
1.0 390.0 0.12721403018933775 (1458, 11461, 11233, 1686)
2.0 391.0 0.20193136747715124 (2342, 11598, 11233, 2707)
3.0 392.0 0.24828926248204783 (2939, 11837, 11233, 3543)
4.0 393.0 0.24892305093335587 (2947, 11839, 11233, 3553)
5.0 394.0 0.25206820867803476 (2986, 11846, 11233, 3599)
6.0 395.0 0.30335302437806805 (3646, 12019, 11233, 4432)
7.0 396.0 0.33568730497618654 (4088, 12178, 11233, 5033)
8.0 397.0 0.35826001955034215 (4398, 12276, 11233, 5441)
9.0 398.0 0.3795673076923077 (4737, 12480, 11233, 5984)
10.0 399.0 0.38139820428209653 (4970, 13031, 11233, 6768)
11.0 400.0 0.380784554091327 (4970, 13052, 11233, 6789)
12.0 401.0 0.38046468969734026 (4978, 13084, 11233, 6829)
13.0 402.0 0.3878873659117998 (5207, 13424, 11233, 7398)
14.0 403.0 0.3975391826570968 (5428, 13654, 11233, 7849)
15.0 404.0 0.4039266637794139 (5596, 13854, 11233, 8217)
16.0 405.0 0.4118271203225578 (5822, 14137, 11233, 8726)
17.0 406.0 0.41390751365175915 (5988, 14467, 11233, 9222)
18.0 407.0 0.4150317767339044 (6008, 14476, 11233, 9251)
19.0 408.0 0.41494578354858763 (6008, 14479, 11233, 9254)
20.0 409.0 0.41520508217097085 (6013, 14482, 11233, 9262)
21.0 410.0 0.41568844082309075 (6020, 14482, 11233, 9269)
22.0 411.0 0.4179555922183268 (6080, 14547, 11233, 9394)
23.0 412.0 0.41961535829169805 (6131, 14611, 11233, 9509)
24.0 413.0 0.4214300348289285 (6171, 14643, 11233, 9581)
25.0 414.0 0.42163491087891825 (6174, 14643, 11233, 9584)
26.0 415.0 0.4217138955274838 (6176, 14645, 11233, 9588)
27.0 416.0 0.4217138955274838 (6176, 14645, 11233, 9588)
28.0 417.0 0.4234805124011992 (6215, 14676, 11233, 9658)
29.0 418.0 0.4272107005336756 (6324, 14803, 11233, 9894)
30.0 419.0 0.43067015496075667 (6420, 14907, 11233, 10094)
31.0 420.0 0.4345969033635878 (6512, 14984, 11233, 10263)
32.0 421.0 0.43479711692471973 (6515, 14984, 11233, 10266)
33.0 422.0 0.4348435310602522 (6517, 14987, 11233, 10271)
34.0 423.0 0.4342736897481423 (6604, 15207, 11233, 10578)
35.0 424.0 0.43591246580695586 (6693, 15354, 11233, 10814)
36.0 425.0 0.436508959649349 (6772, 15514, 11233, 11053)
37.0 426.0 0.43958573072497126 (6876, 15642, 11233, 11285)
38.0 427.0 0.43949286846275754 (6933, 15775, 11233, 11475)
39.0 428.0 0.43947268348333124 (6934, 15778, 11233, 11479)
40.0 429.0 0.4393612976809023 (6934, 15782, 11233, 11483)
41.0 430.0 0.44009549538229564 (7005, 15917, 11233, 11689)
42.0 431.0 0.4409340659340659 (7062, 16016, 11233, 11845)
43.0 432.0 0.4423410047018065 (7150, 16164, 11233, 12081)
44.0 433.0 0.4449366309831426 (7232, 16254, 11233, 12253)
45.0 434.0 0.4502283105022831 (7395, 16425, 11233, 12587)
46.0 435.0 0.45050529648118837 (7400, 16426, 11233, 12593)
47.0 436.0 0.45048390041998904 (7401, 16429, 11233, 12597)
48.0 437.0 0.4514469064051338 (7457, 16518, 11233, 12742)
49.0 438.0 0.45103928871801036 (7508, 16646, 11233, 12921)
50.0 439.0 0.45043000477783085 (7542, 16744, 11233, 13053)
51.0 440.0 0.45067996911930636 (7589, 16839, 11233, 13195)
52.0 441.0 0.45067926757235677 (7630, 16930, 11233, 13327)
53.0 442.0 0.4507383343177791 (7631, 16930, 11233, 13328)
54.0 443.0 0.4507117122438131 (7631, 16931, 11233, 13329)
55.0 444.0 0.4507166353383459 (7673, 17024, 11233, 13464)
56.0 445.0 0.4491052753892633 (7730, 17212, 11233, 13709)
57.0 446.0 0.44856038312849805 (7774, 17331, 11233, 13872)
58.0 447.0 0.44825214899713467 (7822, 17450, 11233, 14039)
59.0 448.0 0.44778246494128376 (7855, 17542, 11233, 14164)
60.0 449.0 0.44778246494128376 (7855, 17542, 11233, 14164)
61.0 450.0 0.4478454172366621 (7857, 17544, 11233, 14168)
62.0 451.0 0.4479101684341859 (7898, 17633, 11233, 14298)
63.0 452.0 0.44781087790566465 (7937, 17724, 11233, 14428)
64.0 453.0 0.44797217703483483 (7986, 17827, 11233, 14580)
65.0 454.0 0.4474330357142857 (8018, 17920, 11233, 14705)
66.0 455.0 0.4467695381882771 (8049, 18016, 11233, 14832)
67.0 456.0 0.4467447410778709 (8049, 18017, 11233, 14833)
68.0 457.0 0.4468557473497253 (8051, 18017, 11233, 14835)
69.0 458.0 0.44314133830218666 (8086, 18247, 11233, 15100)
70.0 459.0 0.44309253601047577 (8121, 18328, 11233, 15216)
71.0 460.0 0.4421115451388889 (8149, 18432, 11233, 15348)
72.0 461.0 0.442703549624507 (8194, 18509, 11233, 15470)
73.0 462.0 0.44266351118760755 (8230, 18592, 11233, 15589)
74.0 463.0 0.44261589760137676 (8230, 18594, 11233, 15591)
75.0 464.0 0.4424969084359374 (8230, 18599, 11233, 15596)
76.0 465.0 0.4391087002765369 (8257, 18804, 11233, 15828)
77.0 466.0 0.4384257300042319 (8288, 18904, 11233, 15959)
78.0 467.0 0.4354543074103168 (8315, 19095, 11233, 16177)
79.0 468.0 0.43469866944951735 (8331, 19165, 11233, 16263)
80.0 469.0 0.4342262678803641 (8348, 19225, 11233, 16340)
81.0 470.0 0.4342262678803641 (8348, 19225, 11233, 16340)
82.0 471.0 0.4341810994955011 (8348, 19227, 11233, 16342)
83.0 472.0 0.4332107525767856 (8364, 19307, 11233, 16438)
84.0 473.0 0.4321597694049825 (8396, 19428, 11233, 16591)
85.0 474.0 0.4313243132431324 (8416, 19512, 11233, 16695)
86.0 475.0 0.43070797815323364 (8438, 19591, 11233, 16796)
87.0 476.0 0.4301846482527087 (8457, 19659, 11233, 16883)
88.0 477.0 0.4301846482527087 (8457, 19659, 11233, 16883)
89.0 478.0 0.4301408880524897 (8457, 19661, 11233, 16885)
90.0 479.0 0.4296514282814958 (8468, 19709, 11233, 16944)
91.0 480.0 0.42845606420027255 (8489, 19813, 11233, 17069)
92.0 481.0 0.42800402212166916 (8513, 19890, 11233, 17170)
93.0 482.0 0.4246452576549664 (8529, 20085, 11233, 17381)
94.0 483.0 0.42364556459615005 (8539, 20156, 11233, 17462)
95.0 484.0 0.42364556459615005 (8539, 20156, 11233, 17462)
96.0 485.0 0.42358251897415544 (8539, 20159, 11233, 17465)
97.0 486.0 0.4204914004914005 (8557, 20350, 11233, 17674)
98.0 487.0 0.4192554180323859 (8570, 20441, 11233, 17778)
99.0 488.0 0.4180375742236932 (8589, 20546, 11233, 17902)
100.0 489.0 0.41752852634134496 (8599, 20595, 11233, 17961)
110.0 499.0 0.41052332733983155 (8676, 21134, 11233, 18577)
120.0 509.0 0.4014210405684162 (8757, 21815, 11233, 19339)
130.0 519.0 0.3944281524926686 (8877, 22506, 11233, 20150)
140.0 529.0 0.38784239177395663 (8977, 23146, 11233, 20890)
150.0 539.0 0.38127372416701816 (9040, 23710, 11233, 21517)
160.0 549.0 0.37608290155440416 (9073, 24125, 11233, 21965)
170.0 559.0 0.36742988209729993 (9131, 24851, 11233, 22749)
180.0 569.0 0.36101621706522163 (9194, 25467, 11233, 23428)
190.0 579.0 0.3534360778614861 (9242, 26149, 11233, 24158)
200.0 589.0 0.34840186074429774 (9287, 26656, 11233, 24710)

# t1=437.0 t2=505.0 dt=68.0
# sim=0.47100728091770994
# len(old_es)=15341
1.0 438.0 0.13799241544772076 (1783, 12921, 12742, 1962)
2.0 439.0 0.19872826170229066 (2594, 13053, 12742, 2905)
3.0 440.0 0.24766957180750285 (3268, 13195, 12742, 3721)
4.0 441.0 0.2864110452464921 (3817, 13327, 12742, 4402)
5.0 442.0 0.2869897959183674 (3825, 13328, 12742, 4411)
6.0 443.0 0.28779353289819193 (3836, 13329, 12742, 4423)
7.0 444.0 0.3253862150920974 (4381, 13464, 12742, 5103)
8.0 445.0 0.3477277700780509 (4767, 13709, 12742, 5734)
9.0 446.0 0.3619521337946944 (5021, 13872, 12742, 6151)
10.0 447.0 0.38250587648692924 (5370, 14039, 12742, 6667)
11.0 448.0 0.3929680881107032 (5566, 14164, 12742, 6988)
12.0 449.0 0.3933916972606608 (5572, 14164, 12742, 6994)
13.0 450.0 0.3939158667419537 (5581, 14168, 12742, 7007)
14.0 451.0 0.4062805986851308 (5809, 14298, 12742, 7365)
15.0 452.0 0.41440255059606323 (5979, 14428, 12742, 7665)
16.0 453.0 0.4235939643347051 (6176, 14580, 12742, 8014)
17.0 454.0 0.42842570554233256 (6300, 14705, 12742, 8263)
18.0 455.0 0.4369606256742179 (6481, 14832, 12742, 8571)
19.0 456.0 0.43699858423784804 (6482, 14833, 12742, 8573)
20.0 457.0 0.43734411863835526 (6488, 14835, 12742, 8581)
21.0 458.0 0.43834437086092715 (6619, 15100, 12742, 8977)
22.0 459.0 0.44210042060988436 (6727, 15216, 12742, 9201)
23.0 460.0 0.44540005212405526 (6836, 15348, 12742, 9442)
24.0 461.0 0.4486748545572075 (6941, 15470, 12742, 9669)
25.0 462.0 0.4528192956571942 (7059, 15589, 12742, 9906)
26.0 463.0 0.4529536270925534 (7062, 15591, 12742, 9911)
27.0 464.0 0.4529366504231854 (7064, 15596, 12742, 9918)
28.0 465.0 0.45312105130149105 (7172, 15828, 12742, 10258)
29.0 466.0 0.45441443699479916 (7252, 15959, 12742, 10469)
30.0 467.0 0.4538542374976819 (7342, 16177, 12742, 10777)
31.0 468.0 0.457726126790875 (7444, 16263, 12742, 10965)
32.0 469.0 0.4591187270501836 (7502, 16340, 12742, 11100)
33.0 470.0 0.45917992656058754 (7503, 16340, 12742, 11101)
34.0 471.0 0.4593073063272549 (7506, 16342, 12742, 11106)
35.0 472.0 0.46106582309283367 (7579, 16438, 12742, 11275)
36.0 473.0 0.46073172201796153 (7644, 16591, 12742, 11493)
37.0 474.0 0.46271338724168914 (7725, 16695, 12742, 11678)
38.0 475.0 0.4639795189330793 (7793, 16796, 12742, 11847)
39.0 476.0 0.4640170585796363 (7834, 16883, 12742, 11975)
40.0 477.0 0.4640762897589291 (7835, 16883, 12742, 11976)
41.0 478.0 0.46413976902576254 (7837, 16885, 12742, 11980)
42.0 479.0 0.4641761095372993 (7865, 16944, 12742, 12067)
43.0 480.0 0.46476067725115705 (7933, 17069, 12742, 12260)
44.0 481.0 0.4644729178800233 (7975, 17170, 12742, 12403)
45.0 482.0 0.46228640469478166 (8035, 17381, 12742, 12674)
46.0 483.0 0.46248997823846066 (8076, 17462, 12742, 12796)
47.0 484.0 0.46248997823846066 (8076, 17462, 12742, 12796)
48.0 485.0 0.4624677927283138 (8077, 17465, 12742, 12800)
49.0 486.0 0.4602240579382143 (8134, 17674, 12742, 13066)
50.0 487.0 0.45950050624367195 (8169, 17778, 12742, 13205)
51.0 488.0 0.45793766059658136 (8198, 17902, 12742, 13358)
52.0 489.0 0.4582706976226268 (8231, 17961, 12742, 13450)
53.0 490.0 0.45771529776400266 (8270, 18068, 12742, 13596)
54.0 491.0 0.45768996624052244 (8270, 18069, 12742, 13597)
55.0 492.0 0.45766463752075265 (8270, 18070, 12742, 13598)
56.0 493.0 0.4592551724137931 (8324, 18125, 12742, 13707)
57.0 494.0 0.4587427944002196 (8356, 18215, 12742, 13829)
58.0 495.0 0.45825815975069706 (8382, 18291, 12742, 13931)
59.0 496.0 0.4551354859646276 (8415, 18489, 12742, 14162)
60.0 497.0 0.45560760243364024 (8462, 18573, 12742, 14293)
61.0 498.0 0.4556123822341857 (8463, 18575, 12742, 14296)
62.0 499.0 0.4556171610055445 (8464, 18577, 12742, 14299)
63.0 500.0 0.4550570831323364 (8490, 18657, 12742, 14405)
64.0 501.0 0.45199385690833027 (8535, 18883, 12742, 14676)
65.0 502.0 0.45188704143573505 (8561, 18945, 12742, 14764)
66.0 503.0 0.47099816609903067 (8989, 19085, 12742, 15332)
67.0 504.0 0.4709271870089052 (8990, 19090, 12742, 15338)
68.0 505.0 0.47100728091770994 (8992, 19091, 12742, 15341)
69.0 506.0 0.47095794270151364 (8992, 19093, 12742, 15343)
70.0 507.0 0.47087454859475586 (8997, 19107, 12742, 15362)
71.0 508.0 0.47000364222904417 (9033, 19219, 12742, 15510)
72.0 509.0 0.46822483065308446 (9055, 19339, 12742, 15652)
73.0 510.0 0.4666666666666667 (9086, 19470, 12742, 15814)
74.0 511.0 0.4659073497114255 (9122, 19579, 12742, 15959)
75.0 512.0 0.4659073497114255 (9122, 19579, 12742, 15959)
76.0 513.0 0.4658835546475996 (9122, 19580, 12742, 15960)
77.0 514.0 0.46520965692503174 (9153, 19675, 12742, 16086)
78.0 515.0 0.4673288292830493 (9269, 19834, 12742, 16361)
79.0 516.0 0.46573489630297565 (9297, 19962, 12742, 16517)
80.0 517.0 0.4647073474470735 (9329, 20075, 12742, 16662)
81.0 518.0 0.46392059553349874 (9348, 20150, 12742, 16756)
82.0 519.0 0.46392059553349874 (9348, 20150, 12742, 16756)
83.0 520.0 0.463851535751501 (9348, 20153, 12742, 16759)
84.0 521.0 0.4632276571541619 (9366, 20219, 12742, 16843)
85.0 522.0 0.4621927236971485 (9401, 20340, 12742, 16999)
86.0 523.0 0.4609294824805747 (9432, 20463, 12742, 17153)
87.0 524.0 0.45970918640276226 (9453, 20563, 12742, 17274)
88.0 525.0 0.4581983463082056 (9476, 20681, 12742, 17415)
89.0 526.0 0.4581983463082056 (9476, 20681, 12742, 17415)
90.0 527.0 0.4580654517329724 (9476, 20687, 12742, 17421)
91.0 528.0 0.45643811904990866 (9493, 20798, 12742, 17549)
92.0 529.0 0.45662996649114407 (9539, 20890, 12742, 17687)
93.0 530.0 0.45601564736189293 (9559, 20962, 12742, 17779)
94.0 531.0 0.45543096075263706 (9585, 21046, 12742, 17889)
95.0 532.0 0.45474759899701944 (9612, 21137, 12742, 18007)
96.0 533.0 0.45470457448318274 (9612, 21139, 12742, 18009)
97.0 534.0 0.45470885956198853 (9613, 21141, 12742, 18012)
98.0 535.0 0.45396690708527787 (9630, 21213, 12742, 18101)
99.0 536.0 0.4538088283789513 (9633, 21227, 12742, 18118)
100.0 537.0 0.4524780794298307 (9650, 21327, 12742, 18235)
110.0 547.0 0.4473106476399561 (9780, 21864, 12742, 18902)
120.0 557.0 0.43887119603680114 (9922, 22608, 12742, 19788)
130.0 567.0 0.4282177161152615 (10031, 23425, 12742, 20714)
140.0 577.0 0.42098677899653836 (10094, 23977, 12742, 21329)
150.0 587.0 0.41200081086559903 (10162, 24665, 12742, 22085)

# t1=505.0 t2=564.0 dt=59.0
# sim=0.4706921944035346
# len(old_es)=14617
1.0 506.0 0.0026070520758652155 (40, 15343, 15341, 42)
2.0 507.0 0.01809660200494727 (278, 15362, 15341, 299)
3.0 508.0 0.11650548033526757 (1807, 15510, 15341, 1976)
4.0 509.0 0.16547406082289803 (2590, 15652, 15341, 2901)
5.0 510.0 0.20810674086252687 (3291, 15814, 15341, 3764)
6.0 511.0 0.24876245378783132 (3970, 15959, 15341, 4588)
7.0 512.0 0.24957704116799298 (3983, 15959, 15341, 4601)
8.0 513.0 0.25 (3990, 15960, 15341, 4609)
9.0 514.0 0.28186000248663434 (4534, 16086, 15341, 5279)
10.0 515.0 0.3001039056292403 (4910, 16361, 15341, 5930)
11.0 516.0 0.31845976872313375 (5260, 16517, 15341, 6436)
12.0 517.0 0.3351938542791982 (5585, 16662, 15341, 6906)
13.0 518.0 0.3449510623060396 (5780, 16756, 15341, 7195)
14.0 519.0 0.34524946287896874 (5785, 16756, 15341, 7200)
15.0 520.0 0.345426338086998 (5789, 16759, 15341, 7207)
16.0 521.0 0.3580716024461201 (6031, 16843, 15341, 7533)
17.0 522.0 0.36837461027119245 (6262, 16999, 15341, 7920)
18.0 523.0 0.3802250335218329 (6522, 17153, 15341, 8334)
19.0 524.0 0.39064489984948475 (6748, 17274, 15341, 8681)
20.0 525.0 0.40568475452196384 (7065, 17415, 15341, 9139)
21.0 526.0 0.40574217628481196 (7066, 17415, 15341, 9140)
22.0 527.0 0.4060616497330808 (7074, 17421, 15341, 9154)
23.0 528.0 0.4125591201777879 (7240, 17549, 15341, 9448)
24.0 529.0 0.4220048623282637 (7464, 17687, 15341, 9810)
25.0 530.0 0.42679565779852635 (7588, 17779, 15341, 10026)
26.0 531.0 0.4323886187042317 (7735, 17889, 15341, 10283)
27.0 532.0 0.43494196701282833 (7832, 18007, 15341, 10498)
28.0 533.0 0.43500471986229106 (7834, 18009, 15341, 10502)
29.0 534.0 0.4351543415500777 (7838, 18012, 15341, 10509)
30.0 535.0 0.438428816087509 (7936, 18101, 15341, 10696)
31.0 536.0 0.4401699966883762 (7975, 18118, 15341, 10752)
32.0 537.0 0.44332327940773236 (8084, 18235, 15341, 10978)
33.0 538.0 0.4452797298033448 (8174, 18357, 15341, 11190)
34.0 539.0 0.44786871039376047 (8269, 18463, 15341, 11391)
35.0 540.0 0.44779594931224953 (8269, 18466, 15341, 11394)
36.0 541.0 0.44788000216602586 (8271, 18467, 15341, 11397)
37.0 542.0 0.4502479517033204 (8353, 18552, 15341, 11564)
38.0 543.0 0.4509594312897536 (8437, 18709, 15341, 11805)
39.0 544.0 0.4529143221148742 (8532, 18838, 15341, 12029)
40.0 545.0 0.45334890139051054 (8542, 18842, 15341, 12043)
41.0 546.0 0.4553486403555179 (8607, 18902, 15341, 12168)
42.0 547.0 0.4553486403555179 (8607, 18902, 15341, 12168)
43.0 548.0 0.4552858427203977 (8609, 18909, 15341, 12177)
44.0 549.0 0.4661302198380141 (8863, 19014, 15341, 12536)
45.0 550.0 0.46529697032904 (8923, 19177, 15341, 12759)
46.0 551.0 0.4661420583971837 (9004, 19316, 15341, 12979)
47.0 552.0 0.46650902174471803 (9075, 19453, 15341, 13187)
48.0 553.0 0.4661665646050214 (9135, 19596, 15341, 13390)
49.0 554.0 0.4660952089392316 (9135, 19599, 15341, 13393)
50.0 555.0 0.46622448979591835 (9138, 19600, 15341, 13397)
51.0 556.0 0.4662654903360702 (9143, 19609, 15341, 13411)
52.0 557.0 0.4679603800283 (9260, 19788, 15341, 13707)
53.0 558.0 0.46969315261752403 (9322, 19847, 15341, 13828)
54.0 559.0 0.47020796792783764 (9383, 19955, 15341, 13997)
55.0 560.0 0.46999651411782284 (9438, 20081, 15341, 14178)
56.0 561.0 0.47009908878155654 (9441, 20083, 15341, 14183)
57.0 562.0 0.47019867549668876 (9443, 20083, 15341, 14185)
58.0 563.0 0.4699836948465833 (9512, 20239, 15341, 14410)
59.0 564.0 0.4706921944035346 (9588, 20370, 15341, 14617)
60.0 565.0 0.4697176241480039 (9648, 20540, 15341, 14847)
61.0 566.0 0.46964484713406657 (9693, 20639, 15341, 14991)
62.0 567.0 0.4691512986386019 (9718, 20714, 15341, 15091)
63.0 568.0 0.46929612822245825 (9721, 20714, 15341, 15094)
64.0 569.0 0.46946951778732443 (9726, 20717, 15341, 15102)
65.0 570.0 0.4682158632609948 (9752, 20828, 15341, 15239)
66.0 571.0 0.46824069206136787 (9797, 20923, 15341, 15379)
67.0 572.0 0.468015230842456 (9833, 21010, 15341, 15502)
68.0 573.0 0.4664207340143776 (9862, 21144, 15341, 15665)
69.0 574.0 0.466427763108261 (9892, 21208, 15341, 15759)
70.0 575.0 0.46645292092979396 (9893, 21209, 15341, 15761)
71.0 576.0 0.46647807637906646 (9894, 21210, 15341, 15763)
72.0 577.0 0.4650944723146889 (9920, 21329, 15341, 15908)
73.0 578.0 0.4648091104265845 (9959, 21426, 15341, 16044)
74.0 579.0 0.4644151258942674 (9997, 21526, 15341, 16182)
75.0 580.0 0.46380697050938335 (10034, 21634, 15341, 16327)
76.0 581.0 0.4629723385649192 (10059, 21727, 15341, 16445)
77.0 582.0 0.4629297252519674 (10059, 21729, 15341, 16447)
78.0 583.0 0.46302176814395507 (10061, 21729, 15341, 16449)
79.0 584.0 0.46280082512033005 (10096, 21815, 15341, 16570)
80.0 585.0 0.46150692419825073 (10131, 21952, 15341, 16742)
81.0 586.0 0.46058185449099076 (10148, 22033, 15341, 16840)
82.0 587.0 0.4609463436721757 (10180, 22085, 15341, 16924)
83.0 588.0 0.46108325428016445 (10207, 22137, 15341, 17003)
84.0 589.0 0.46106242659680186 (10207, 22138, 15341, 17004)
85.0 590.0 0.46108676995347575 (10208, 22139, 15341, 17006)
86.0 591.0 0.4596368212873067 (10226, 22248, 15341, 17133)
87.0 592.0 0.4587645029789903 (10241, 22323, 15341, 17223)
88.0 593.0 0.4580861030559893 (10268, 22415, 15341, 17342)
89.0 594.0 0.4578382948427001 (10289, 22473, 15341, 17421)
90.0 595.0 0.45734576120727916 (10304, 22530, 15341, 17493)

# t1=564.0 t2=595.0 dt=31.0
# sim=0.4375464471502887
# len(old_es)=10530
1.0 565.0 0.12608607799555466 (1872, 14847, 14617, 2102)
2.0 566.0 0.19418317657261022 (2911, 14991, 14617, 3285)
3.0 567.0 0.23305281293486182 (3517, 15091, 14617, 3991)
4.0 568.0 0.23340400159003577 (3523, 15094, 14617, 4000)
5.0 569.0 0.23533306846775262 (3554, 15102, 14617, 4039)
6.0 570.0 0.27272130717238663 (4156, 15239, 14617, 4778)
7.0 571.0 0.29442746602509917 (4528, 15379, 14617, 5290)
8.0 572.0 0.3148625983744033 (4881, 15502, 14617, 5766)
9.0 573.0 0.32939674433450367 (5160, 15665, 14617, 6208)
10.0 574.0 0.33910781140935337 (5344, 15759, 14617, 6486)
11.0 575.0 0.3395089144089842 (5351, 15761, 14617, 6495)
12.0 576.0 0.3403539935291505 (5365, 15763, 14617, 6511)
13.0 577.0 0.35699019361327633 (5679, 15908, 14617, 6970)
14.0 578.0 0.3692969334330591 (5925, 16044, 14617, 7352)
15.0 579.0 0.3809788654060067 (6165, 16182, 14617, 7730)
16.0 580.0 0.38800759478165003 (6335, 16327, 14617, 8045)
17.0 581.0 0.39367588932806324 (6474, 16445, 14617, 8302)
18.0 582.0 0.3936888186295373 (6475, 16447, 14617, 8305)
19.0 583.0 0.39382333272539366 (6478, 16449, 14617, 8310)
20.0 584.0 0.3996378998189499 (6622, 16570, 14617, 8575)
21.0 585.0 0.40467088758810177 (6775, 16742, 14617, 8900)
22.0 586.0 0.40902612826603324 (6888, 16840, 14617, 9111)
23.0 587.0 0.41385015362798394 (7004, 16924, 14617, 9311)
24.0 588.0 0.4201611480327001 (7144, 17003, 14617, 9530)
25.0 589.0 0.42025405786873676 (7146, 17004, 14617, 9533)
26.0 590.0 0.4203810419851817 (7149, 17006, 14617, 9538)
27.0 591.0 0.4245607891204109 (7274, 17133, 14617, 9790)
28.0 592.0 0.4273936015792835 (7361, 17223, 14617, 9967)
29.0 593.0 0.431611117518164 (7485, 17342, 14617, 10210)
30.0 594.0 0.4348774467596579 (7576, 17421, 14617, 10380)
31.0 595.0 0.4375464471502887 (7654, 17493, 14617, 10530)

